dates,-1120,satname
1984-06-15 10:22:41+00:00,,L5
1984-07-26 10:17:18+00:00,,L5
1984-09-12 10:18:18+00:00,,L5
1984-10-30 10:18:11+00:00,,L5
1984-11-06 10:24:19+00:00,,L5
1984-12-08 10:24:23+00:00,,L5
1985-02-19 10:18:38+00:00,,L5
1985-02-26 10:24:49+00:00,,L5
1985-08-21 10:23:58+00:00,,L5
1985-10-17 10:17:08+00:00,,L5
1986-05-29 10:12:28+00:00,76.79798207546888,L5
1986-06-14 10:11:58+00:00,86.95721253108711,L5
1986-07-16 10:10:55+00:00,117.59960746207514,L5
1986-10-04 10:08:09+00:00,,L5
1987-02-16 10:14:59+00:00,,L5
1987-05-07 10:17:59+00:00,,L5
1987-07-03 10:13:08+00:00,88.79394142159255,L5
1987-07-10 10:19:27+00:00,,L5
1987-08-20 10:14:23+00:00,,L5
1987-08-27 10:20:46+00:00,,L5
1987-09-12 10:21:10+00:00,,L5
1987-09-28 10:21:31+00:00,,L5
1988-02-19 10:24:03+00:00,,L5
1988-05-02 10:18:26+00:00,,L5
1988-06-19 10:18:48+00:00,,L5
1988-07-12 10:25:04+00:00,,L5
1988-08-06 10:18:55+00:00,,L5
1988-09-07 10:18:59+00:00,,L5
1988-11-10 10:18:48+00:00,,L5
1988-11-26 10:18:49+00:00,,L5
1989-01-13 10:18:22+00:00,,L5
1989-01-29 10:18:12+00:00,76.30937755053979,L5
1989-07-15 10:21:46+00:00,98.55959093571869,L5
1989-08-09 10:15:03+00:00,102.47382728192649,L5
1989-09-17 10:20:11+00:00,,L5
1989-09-26 10:13:56+00:00,,L5
1989-10-12 10:13:30+00:00,,L5
1989-11-13 10:12:28+00:00,,L5
1989-12-31 10:11:10+00:00,,L5
1990-02-17 10:09:38+00:00,73.21302123312984,L5
1990-03-05 10:09:05+00:00,86.9701868006224,L5
1990-03-21 10:08:31+00:00,101.66531917754966,L5
1990-04-06 10:08:15+00:00,,L5
1990-04-29 10:14:30+00:00,,L5
1990-05-31 10:14:34+00:00,91.75926361328484,L5
1990-06-25 10:08:22+00:00,,L5
1990-07-11 10:08:20+00:00,,L5
1990-08-03 10:14:23+00:00,,L5
1990-08-28 10:08:05+00:00,108.72082394745668,L5
1990-09-13 10:08:04+00:00,127.85000535052515,L5
1990-12-02 10:07:23+00:00,,L5
1991-01-19 10:08:34+00:00,,L5
1991-03-31 10:15:58+00:00,,L5
1991-05-11 10:10:35+00:00,,L5
1991-11-10 10:18:34+00:00,,L5
1992-02-23 10:12:22+00:00,,L5
1992-03-01 10:18:32+00:00,,L5
1992-03-10 10:12:23+00:00,,L5
1992-04-11 10:12:11+00:00,118.15254551472641,L5
1992-05-13 10:11:55+00:00,109.7351467110652,L5
1992-07-23 10:17:16+00:00,110.06034761260726,L5
1992-08-08 10:17:05+00:00,155.69842615816043,L5
1992-08-17 10:10:44+00:00,,L5
1992-09-02 10:10:29+00:00,,L5
1993-02-25 10:10:10+00:00,,L5
1993-03-13 10:10:22+00:00,,L5
1993-06-01 10:10:44+00:00,122.36774493502922,L5
1993-08-20 10:10:35+00:00,,L5
1993-11-15 10:16:20+00:00,,L5
1994-02-28 10:09:02+00:00,,L5
1994-03-23 10:14:53+00:00,102.56193952217956,L5
1994-06-27 10:13:01+00:00,,L5
1994-07-22 10:06:09+00:00,,L5
1994-07-29 10:12:08+00:00,99.75225898590215,L5
1995-02-22 10:05:27+00:00,76.82932320633148,L5
1995-04-11 10:03:29+00:00,,L5
1995-06-07 09:54:44+00:00,,L5
1995-06-23 09:54:02+00:00,112.16202751682336,L5
1995-07-16 09:59:10+00:00,,L5
1995-07-25 09:52:33+00:00,,L5
1996-02-25 10:00:30+00:00,,L5
1996-03-28 10:02:35+00:00,124.36737462131263,L5
1996-04-06 09:56:58+00:00,,L5
1996-05-15 10:05:28+00:00,,L5
1996-06-16 10:07:15+00:00,,L5
1996-07-18 10:08:56+00:00,,L5
1996-08-03 10:09:47+00:00,,L5
1996-09-04 10:11:30+00:00,104.64769828020862,L5
1996-09-13 10:05:49+00:00,,L5
1996-09-29 10:06:41+00:00,,L5
1997-03-31 10:21:10+00:00,102.6730068321539,L5
1997-04-09 10:15:18+00:00,,L5
1997-04-16 10:21:44+00:00,142.8082479437658,L5
1997-04-25 10:15:52+00:00,,L5
1997-05-02 10:22:18+00:00,110.39056354272036,L5
1997-05-27 10:16:59+00:00,,L5
1997-07-14 10:18:39+00:00,111.7427313958763,L5
1997-07-21 10:25:04+00:00,,L5
1997-07-30 10:19:11+00:00,,L5
1997-08-22 10:26:05+00:00,,L5
1997-09-07 10:26:33+00:00,,L5
1997-09-16 10:20:37+00:00,,L5
1997-09-23 10:27:01+00:00,97.71376983013711,L5
1997-10-02 10:21:06+00:00,,L5
1997-10-18 10:21:32+00:00,,L5
1997-11-03 10:21:58+00:00,,L5
1998-01-29 10:30:10+00:00,,L5
1998-03-18 10:31:02+00:00,,L5
1998-03-27 10:24:57+00:00,,L5
1998-05-14 10:25:37+00:00,,L5
1998-09-19 10:27:00+00:00,,L5
1998-10-21 10:27:02+00:00,,L5
1998-11-06 10:27:08+00:00,,L5
1998-11-22 10:27:14+00:00,,L5
1999-03-30 10:26:54+00:00,,L5
1999-05-01 10:26:53+00:00,,L5
1999-05-08 10:33:00+00:00,99.04609437656228,L5
1999-06-18 10:26:09+00:00,,L5
1999-06-25 10:32:15+00:00,144.41457344963737,L5
1999-07-11 10:32:07+00:00,,L5
1999-07-19 10:47:10+00:00,,L7
1999-08-21 10:25:42+00:00,118.69600425426161,L5
1999-08-29 10:41:09+00:00,,L7
1999-09-05 10:47:18+00:00,117.87876932952591,L7
1999-09-06 10:25:11+00:00,110.66739050514168,L5
1999-10-08 10:24:50+00:00,,L5
2000-01-20 10:40:59+00:00,,L7
2000-02-05 10:40:58+00:00,,L7
2000-02-12 10:47:07+00:00,,L7
2000-02-21 10:40:50+00:00,,L7
2000-03-08 10:40:45+00:00,,L7
2000-03-15 10:46:56+00:00,125.35987984317241,L7
2000-05-02 10:46:39+00:00,,L7
2000-06-19 10:46:12+00:00,,L7
2000-07-05 10:45:59+00:00,,L7
2000-07-21 10:45:44+00:00,,L7
2000-07-30 10:39:23+00:00,,L7
2000-08-22 10:45:23+00:00,,L7
2000-09-08 10:26:22+00:00,124.33749070986173,L5
2000-09-15 10:32:36+00:00,,L5
2000-09-23 10:44:50+00:00,124.91847325311392,L7
2000-12-21 10:38:38+00:00,93.25153860098163,L7
2001-04-19 10:44:29+00:00,113.96428241712317,L7
2001-04-20 10:28:11+00:00,,L5
2001-05-14 10:38:05+00:00,,L7
2001-05-21 10:44:13+00:00,,L7
2001-05-29 10:34:41+00:00,98.9249798185032,L5
2001-05-30 10:37:58+00:00,111.4841421620248,L7
2001-06-14 10:34:43+00:00,108.31753645967054,L5
2001-06-22 10:43:49+00:00,,L7
2001-07-01 10:37:33+00:00,104.4419297264021,L7
2001-07-24 10:43:38+00:00,,L7
2001-07-25 10:28:30+00:00,,L5
2001-08-17 10:34:41+00:00,,L5
2001-09-11 10:28:20+00:00,,L5
2001-10-12 10:42:31+00:00,94.62583753765833,L7
2001-12-08 10:36:46+00:00,128.21119479762172,L7
2001-12-24 10:36:53+00:00,127.68245160527712,L7
2001-12-31 10:42:57+00:00,,L7
2002-01-25 10:37:03+00:00,77.09198299101116,L7
2002-02-01 10:43:12+00:00,,L7
2002-03-14 10:37:04+00:00,,L7
2002-04-22 10:43:08+00:00,85.86183284272273,L7
2002-06-17 10:30:30+00:00,109.45864895886031,L5
2002-06-25 10:42:49+00:00,,L7
2002-06-26 10:24:10+00:00,,L5
2002-07-11 10:42:46+00:00,,L7
2002-07-27 10:42:38+00:00,,L7
2002-09-06 10:36:11+00:00,,L7
2002-09-13 10:42:16+00:00,114.67979940727616,L7
2002-09-22 10:35:58+00:00,,L7
2002-09-29 10:42:07+00:00,,L7
2003-01-12 10:36:35+00:00,110.50957453606108,L7
2003-02-13 10:36:52+00:00,73.37290396836633,L7
2003-03-17 10:36:55+00:00,,L7
2003-03-24 10:43:01+00:00,,L7
2003-04-25 10:43:07+00:00,116.34420145075204,L7
2003-07-06 10:30:38+00:00,137.93323856774418,L5
2003-07-31 10:24:54+00:00,,L5
2003-08-07 10:31:12+00:00,161.73437750356476,L5
2003-08-24 10:36:35+00:00,147.63687140690095,L7
2003-09-17 10:25:45+00:00,,L5
2003-09-24 10:32:01+00:00,,L5
2004-03-02 10:33:23+00:00,130.76152511183895,L5
2004-03-26 10:43:40+00:00,,L7
2004-06-06 10:35:33+00:00,,L5
2004-06-30 10:43:24+00:00,,L7
2004-07-16 10:43:21+00:00,,L7
2004-07-25 10:37:06+00:00,,L7
2004-09-03 10:31:44+00:00,,L5
2004-09-18 10:43:00+00:00,,L7
2004-10-29 10:37:02+00:00,,L7
2004-11-22 10:33:23+00:00,120.31660921312931,L5
2004-12-07 10:43:32+00:00,,L7
2005-05-01 10:35:24+00:00,145.9935586825161,L5
2005-05-17 10:35:30+00:00,137.29943000371648,L5
2005-06-01 10:43:56+00:00,,L7
2005-06-02 10:35:38+00:00,151.18998590198302,L5
2005-06-18 10:35:45+00:00,147.7001425567325,L5
2005-07-20 10:36:01+00:00,,L5
2005-08-21 10:36:16+00:00,,L5
2005-10-16 10:37:20+00:00,,L7
2005-11-01 10:37:33+00:00,,L7
2005-12-10 10:43:59+00:00,,L7
2006-02-05 10:38:13+00:00,140.99900945140502,L7
2006-02-12 10:44:26+00:00,,L7
2006-05-27 10:46:38+00:00,,L5
2006-06-04 10:44:25+00:00,113.08879124347048,L7
2006-06-13 10:38:12+00:00,,L7
2006-07-14 10:47:25+00:00,,L5
2006-07-15 10:37:59+00:00,,L7
2006-07-23 10:41:21+00:00,,L5
2006-08-31 10:47:59+00:00,,L5
2006-09-01 10:37:49+00:00,132.07529663836075,L7
2006-09-09 10:41:55+00:00,,L5
2006-10-27 10:42:28+00:00,,L5
2006-11-03 10:48:43+00:00,147.42275077544483,L5
2006-12-13 10:44:32+00:00,99.65498829838907,L7
2007-03-11 10:49:21+00:00,,L5
2007-03-12 10:38:43+00:00,99.24736285639622,L7
2007-04-20 10:44:52+00:00,,L7
2007-05-06 10:44:48+00:00,,L7
2007-05-23 10:42:36+00:00,101.67886350609845,L5
2007-07-26 10:41:46+00:00,,L5
2007-08-11 10:41:36+00:00,,L5
2007-09-03 10:47:32+00:00,,L5
2007-09-12 10:41:18+00:00,,L5
2007-09-20 10:37:59+00:00,,L7
2007-10-13 10:44:08+00:00,,L7
2007-12-16 10:44:41+00:00,,L7
2008-09-29 10:43:09+00:00,,L7
2009-01-03 10:44:00+00:00,,L7
2009-02-20 10:44:20+00:00,102.45738778159034,L7
2009-03-09 10:34:36+00:00,,L5
2009-03-17 10:38:22+00:00,,L7
2009-06-12 10:44:49+00:00,,L7
2009-06-20 10:42:48+00:00,136.69075287564957,L5
2009-06-21 10:38:37+00:00,,L7
2009-06-28 10:44:46+00:00,,L7
2009-06-29 10:36:46+00:00,124.63422279847829,L5
2009-07-15 10:37:02+00:00,115.98580295971158,L5
2009-08-15 10:44:33+00:00,,L7
2009-08-31 10:44:33+00:00,,L7
2009-09-24 10:44:15+00:00,,L5
2009-09-25 10:38:20+00:00,,L7
2009-10-27 10:38:32+00:00,,L7
2010-03-12 10:39:09+00:00,,L5
2010-04-12 10:46:36+00:00,,L7
2010-05-22 10:45:08+00:00,124.09138846557504,L5
2010-05-23 10:40:19+00:00,,L7
2010-06-23 10:44:58+00:00,161.76264413902425,L5
2010-06-24 10:40:22+00:00,,L7
2010-07-10 10:40:25+00:00,,L7
2010-07-26 10:40:25+00:00,,L7
2010-08-03 10:38:36+00:00,123.98953896822678,L5
2010-09-03 10:46:39+00:00,120.18291889927013,L7
2010-09-19 10:46:40+00:00,130.15719582668876,L7
2010-09-20 10:38:22+00:00,,L5
2010-10-14 10:40:34+00:00,109.87080251539628,L7
2010-10-30 10:40:43+00:00,109.72469461444716,L7
2010-12-09 10:38:00+00:00,,L5
2010-12-25 10:38:06+00:00,,L5
2011-01-10 10:38:08+00:00,,L5
2011-02-11 10:38:10+00:00,99.5062853950236,L5
2011-02-18 10:44:21+00:00,,L5
2011-03-23 10:41:45+00:00,,L7
2011-04-08 10:41:49+00:00,,L7
2011-04-15 10:47:59+00:00,,L7
2011-04-16 10:37:56+00:00,,L5
2011-05-09 10:43:58+00:00,,L5
2011-05-17 10:47:56+00:00,,L7
2011-05-25 10:43:54+00:00,136.12656665592857,L5
2011-07-28 10:43:23+00:00,,L5
2011-08-29 10:43:06+00:00,,L5
2011-08-30 10:41:34+00:00,,L7
2011-09-14 10:42:54+00:00,,L5
2011-09-23 10:36:34+00:00,123.80917906669524,L5
2011-09-30 10:42:36+00:00,,L5
2011-10-01 10:41:27+00:00,,L7
2011-10-16 10:42:23+00:00,,L5
2011-10-17 10:41:30+00:00,,L7
2011-11-01 10:42:11+00:00,,L5
2011-11-09 10:47:53+00:00,,L7
2011-11-18 10:41:49+00:00,,L7
2011-12-27 10:48:20+00:00,,L7
2012-02-22 10:42:20+00:00,,L7
2012-02-29 10:48:30+00:00,,L7
2012-04-01 10:48:29+00:00,131.31046179596206,L7
2012-08-16 10:43:21+00:00,,L7
2012-09-08 10:49:46+00:00,,L7
2012-11-11 10:50:17+00:00,,L7
2012-12-06 10:44:11+00:00,94.9687806042007,L7
2013-02-15 10:50:35+00:00,,L7
2013-03-03 10:50:31+00:00,,L7
2013-06-16 10:43:51+00:00,,L7
2013-07-01 10:56:21+00:00,149.66914619784393,L8
2013-07-09 10:49:47+00:00,,L7
2013-08-02 10:56:23+00:00,136.7515286050098,L8
2013-08-18 10:56:24+00:00,140.91855665651636,L8
2013-08-19 10:43:32+00:00,,L7
2013-08-27 10:50:15+00:00,,L8
2013-09-03 10:56:25+00:00,,L8
2013-10-29 10:50:27+00:00,92.74563031199338,L7
2013-10-30 10:49:55+00:00,113.70473969745882,L8
2013-12-08 10:55:59+00:00,,L8
2013-12-09 10:44:33+00:00,,L7
2013-12-16 10:50:42+00:00,,L7
2014-01-02 10:49:35+00:00,,L8
2014-01-10 10:44:39+00:00,82.33288591150976,L7
2014-01-17 10:51:00+00:00,,L7
2014-02-02 10:51:16+00:00,,L7
2014-03-06 10:51:10+00:00,,L7
2014-03-07 10:48:46+00:00,,L8
2014-03-14 10:54:54+00:00,,L8
2014-04-08 10:48:19+00:00,77.78375161366347,L8
2014-05-18 10:45:33+00:00,,L7
2014-06-02 10:54:00+00:00,,L8
2014-06-19 10:45:36+00:00,121.20188687094945,L7
2014-08-05 10:54:23+00:00,114.80775657719636,L8
2014-08-21 10:54:27+00:00,109.32579313150856,L8
2014-08-22 10:45:49+00:00,101.98485244820307,L7
2014-08-30 10:48:17+00:00,,L8
2014-09-07 10:45:51+00:00,100.935328172771,L7
2014-09-14 10:52:02+00:00,,L7
2014-09-15 10:48:20+00:00,,L8
2014-09-22 10:54:28+00:00,,L8
2014-09-23 10:45:57+00:00,,L7
2014-09-30 10:52:14+00:00,,L7
2014-10-01 10:48:22+00:00,,L8
2014-10-17 10:48:26+00:00,87.656461142188,L8
2014-10-24 10:54:36+00:00,,L8
2014-11-18 10:48:23+00:00,90.56704123851807,L8
2014-12-28 10:46:43+00:00,73.99393711122012,L7
2015-01-12 10:54:25+00:00,,L8
2015-02-13 10:54:11+00:00,113.72192871157381,L8
2015-03-17 10:53:58+00:00,111.60733564459163,L8
2015-05-28 10:53:51+00:00,,L7
2015-06-22 10:47:48+00:00,,L7
2015-06-29 10:54:01+00:00,123.35740310500998,L7
2015-06-30 10:47:35+00:00,,L8
2015-07-07 10:53:51+00:00,,L8
2015-07-15 10:54:07+00:00,,L7
2015-08-25 10:48:03+00:00,139.05130968470158,L7
2015-08-28 11:06:56+00:00,137.97084571598864,S2
2015-09-26 10:48:10+00:00,130.98077936956867,L7
2015-10-20 10:48:15+00:00,,L8
2015-11-16 11:07:36+00:00,,S2
2015-11-28 10:54:32+00:00,,L8
2015-12-07 10:48:19+00:00,113.93117950816394,L8
2015-12-22 10:55:39+00:00,116.55478804405075,L7
2015-12-26 11:11:42+00:00,,S2
2015-12-30 10:54:30+00:00,,L8
2016-01-16 10:49:51+00:00,,L7
2016-01-24 10:48:17+00:00,,L8
2016-02-16 10:54:18+00:00,81.64175840838575,L8
2016-03-15 11:01:57+00:00,,S2
2016-03-27 10:56:32+00:00,,L7
2016-04-05 10:50:22+00:00,,L7
2016-04-12 10:56:37+00:00,,L7
2016-05-04 10:59:17+00:00,103.82323723411501,S2
2016-05-04 10:59:17+00:00,103.71271898694128,S2
2016-05-15 10:47:45+00:00,116.73530792884713,L8
2016-05-24 11:07:14+00:00,,S2
2016-06-08 10:50:44+00:00,,L7
2016-07-09 10:54:18+00:00,,L8
2016-07-10 10:50:45+00:00,,L7
2016-07-17 10:56:57+00:00,128.2539472901549,L7
2016-07-18 10:48:10+00:00,,L8
2016-07-26 10:50:48+00:00,,L7
2016-08-02 11:03:07+00:00,,L7
2016-08-02 11:03:07+00:00,,S2
2016-08-03 10:48:13+00:00,,L8
2016-08-10 10:54:24+00:00,,L8
2016-08-11 10:50:49+00:00,126.1333648198478,L7
2016-08-12 11:07:01+00:00,122.52168111044209,S2
2016-08-22 11:05:29+00:00,,S2
2016-08-27 10:50:52+00:00,121.58292160094143,L7
2016-09-01 11:07:08+00:00,,S2
2016-09-11 11:04:38+00:00,117.2079894667099,L8
2016-09-12 10:50:54+00:00,,L7
2016-09-21 11:06:34+00:00,,S2
2016-10-06 10:48:29+00:00,,L8
2016-10-21 11:03:18+00:00,,S2
2016-10-22 10:48:33+00:00,,L8
2016-10-29 10:54:44+00:00,,L8
2016-10-30 10:50:52+00:00,,L7
2016-11-30 11:04:18+00:00,,L8
2016-11-30 11:04:18+00:00,,S2
2016-12-01 10:50:42+00:00,,L7
2016-12-09 10:48:30+00:00,120.15801570994765,L8
2016-12-10 11:05:19+00:00,118.44785448381788,S2
2016-12-16 10:54:39+00:00,,L8
2016-12-17 10:50:37+00:00,,L7
2017-01-17 10:54:32+00:00,,L8
2017-02-11 10:48:09+00:00,,L8
2017-02-18 11:01:25+00:00,,L8
2017-02-18 11:01:25+00:00,,S2
2017-02-19 10:50:12+00:00,103.37409301952748,L7
2017-03-10 10:59:51+00:00,,S2
2017-03-15 10:47:55+00:00,,L8
2017-04-07 10:53:54+00:00,106.35323438833561,L8
2017-04-08 10:50:29+00:00,,L7
2017-04-09 11:05:29+00:00,,S2
2017-04-09 11:05:29+00:00,,S2
2017-04-19 11:06:01+00:00,126.85015411669586,S2
2017-04-23 10:53:45+00:00,114.38434910645401,L8
2017-04-24 10:50:36+00:00,,L7
2017-04-29 11:05:25+00:00,,S2
2017-05-09 11:05:56+00:00,,S2
2017-05-09 11:05:56+00:00,,S2
2017-05-25 10:53:55+00:00,,L8
2017-06-10 10:54:03+00:00,,L8
2017-06-11 10:50:48+00:00,,L7
2017-06-18 11:04:15+00:00,120.08096078612056,L7
2017-06-18 11:04:15+00:00,132.01075731146315,S2
2017-06-19 10:47:56+00:00,138.17245426439447,L8
2017-07-04 10:57:02+00:00,,L7
2017-07-05 10:47:59+00:00,133.34676969761662,L8
2017-07-18 11:04:52+00:00,136.9161287607922,S2
2017-08-02 11:05:22+00:00,134.91810282980458,S2
2017-08-06 10:48:12+00:00,,L8
2017-08-14 10:50:48+00:00,,L7
2017-08-21 10:56:59+00:00,,L7
2017-09-23 10:48:23+00:00,,L8
2017-10-06 10:59:37+00:00,,S2
2017-10-11 11:02:03+00:00,,S2
2017-10-16 11:03:13+00:00,122.93423457343351,L8
2017-10-16 11:03:13+00:00,128.91755349941556,S2
2017-10-17 10:50:50+00:00,113.17101590295171,L7
2017-10-24 10:57:01+00:00,,L7
2017-10-25 10:48:30+00:00,,L8
2017-10-26 11:07:17+00:00,,S2
2017-10-31 11:02:01+00:00,135.73911616630025,S2
2017-11-17 10:54:37+00:00,,L8
2017-11-26 10:48:22+00:00,103.68091403731884,L8
2017-12-12 10:48:21+00:00,99.31299355020056,L8
2018-01-24 11:03:32+00:00,,S2
2018-01-24 11:03:32+00:00,,S2
2018-02-21 10:54:09+00:00,,L8
2018-02-22 10:49:39+00:00,,L7
2018-03-02 10:47:53+00:00,,L8
2018-03-15 11:06:09+00:00,,S2
2018-04-18 10:55:04+00:00,,L7
2018-04-19 11:01:27+00:00,,L8
2018-04-19 11:01:27+00:00,,S2
2018-05-04 11:02:30+00:00,,S2
2018-05-05 10:47:19+00:00,,L8
2018-05-09 11:04:39+00:00,97.38053392000504,S2
2018-05-19 11:03:34+00:00,,S2
2018-05-20 10:54:31+00:00,,L7
2018-05-24 11:00:36+00:00,119.5221344270754,S2
2018-06-22 10:47:10+00:00,115.71984714561799,L8
2018-06-23 11:05:20+00:00,130.97585819117572,S2
2018-06-29 10:53:25+00:00,,L8
2018-06-30 10:47:37+00:00,,L7
2018-07-13 11:05:21+00:00,,S2
2018-07-15 10:53:33+00:00,,L8
2018-07-18 11:03:26+00:00,,S2
2018-07-24 10:47:25+00:00,107.77753072866737,L8
2018-08-01 10:47:01+00:00,,L7
2018-08-02 10:59:38+00:00,,S2
2018-08-16 10:53:49+00:00,,L8
2018-08-17 11:05:14+00:00,,L7
2018-08-17 11:05:14+00:00,,S2
2018-08-22 11:04:18+00:00,112.38416532889407,S2
2018-09-01 10:59:39+00:00,,S2
2018-09-02 10:46:24+00:00,,L7
2018-09-10 10:47:48+00:00,,L8
2018-09-11 11:05:21+00:00,,S2
2018-09-25 10:52:04+00:00,,L7
2018-09-26 11:00:28+00:00,,S2
2018-10-04 10:45:40+00:00,,L7
2018-10-19 10:54:14+00:00,120.32180251542059,L8
2018-10-20 10:45:17+00:00,,L7
2018-10-21 11:06:49+00:00,136.5065369742368,S2
2018-11-04 10:54:18+00:00,114.29268259995125,L8
2018-11-15 11:08:45+00:00,117.98222588724708,S2
2019-01-15 10:49:09+00:00,79.74896391211769,L7
2019-01-24 11:08:47+00:00,,S2
2019-02-03 11:08:48+00:00,,S2
2019-02-08 11:08:44+00:00,,L8
2019-02-13 11:08:47+00:00,101.0140374828239,S2
2019-02-16 10:48:10+00:00,104.94687032179077,L7
2019-02-17 10:47:56+00:00,103.22861896567179,L8
2019-02-23 11:08:46+00:00,,S2
2019-02-24 10:54:05+00:00,,L8
2019-03-05 11:08:45+00:00,,L8
2019-03-05 11:08:45+00:00,,S2
2019-03-20 11:08:45+00:00,,L7
2019-03-20 11:08:45+00:00,,S2
2019-03-25 11:08:48+00:00,,S2
2019-03-28 10:53:56+00:00,105.55871170924596,L8
2019-03-29 10:40:40+00:00,,L7
2019-03-30 11:08:47+00:00,117.25615979336408,S2
2019-04-09 11:08:49+00:00,,S2
2019-04-13 10:53:51+00:00,105.39031725632888,L8
2019-04-19 11:08:50+00:00,,S2
2019-04-30 10:39:31+00:00,122.07267300588347,L7
2019-05-29 11:08:50+00:00,126.45543370998577,S2
2019-05-31 10:54:06+00:00,124.36119922024425,L8
2019-06-01 10:38:18+00:00,,L7
2019-06-13 11:08:54+00:00,120.24020374008698,S2
2019-07-03 11:08:56+00:00,,S2
2019-07-10 10:43:02+00:00,,L7
2019-07-11 10:48:08+00:00,123.01374797188119,L8
2019-07-13 11:08:56+00:00,126.00532303663408,S2
2019-07-18 11:08:52+00:00,,L8
2019-07-23 11:08:56+00:00,,S2
2019-07-28 11:08:52+00:00,128.3145459619968,S2
2019-08-02 11:08:55+00:00,,S2
2019-08-03 10:54:27+00:00,,L8
2019-08-12 11:08:54+00:00,123.70526699712431,S2
2019-08-17 11:08:50+00:00,,S2
2019-08-20 10:35:11+00:00,,L7
2019-08-22 11:08:52+00:00,,S2
2019-09-04 10:54:35+00:00,,L8
2019-09-11 11:08:48+00:00,131.36186254742898,S2
2019-09-12 10:40:23+00:00,,L7
2019-09-13 10:48:28+00:00,,L8
2019-09-16 11:08:46+00:00,,S2
2019-09-20 10:54:41+00:00,,L8
2019-09-21 11:08:47+00:00,,L7
2019-09-21 11:08:47+00:00,,S2
2019-09-26 11:08:48+00:00,127.04501833801989,S2
2019-09-28 10:39:41+00:00,,L7
2019-09-29 10:48:33+00:00,,L8
2019-10-11 11:08:48+00:00,,S2
2019-10-15 10:48:35+00:00,,L8
2019-12-05 11:08:45+00:00,125.71194924365356,S2
2019-12-05 11:08:45+00:00,125.11550387578743,S2
2019-12-18 10:48:29+00:00,,L8
2019-12-26 10:29:23+00:00,,L7
2019-12-30 11:08:42+00:00,,S2
2020-01-11 10:28:34+00:00,,L7
2020-01-19 11:08:41+00:00,99.82277659597246,L8
2020-01-19 11:08:41+00:00,113.46555968655058,S2
2020-02-03 11:08:39+00:00,101.99894745362847,L7
2020-02-03 11:08:39+00:00,103.56719403525416,S2
2020-02-18 11:08:43+00:00,91.35518164655332,S2
2020-02-20 10:48:13+00:00,,L8
2020-03-06 10:31:55+00:00,73.16522635332154,L7
2020-03-15 10:25:15+00:00,73.5348178318244,L7
2020-03-19 11:08:45+00:00,82.85203314586214,S2
2020-03-22 10:31:03+00:00,,L7
2020-03-24 11:08:43+00:00,,S2
2020-04-15 10:53:59+00:00,113.2586934823942,L8
2020-05-03 11:08:48+00:00,96.51966807189834,S2
2020-05-17 10:53:48+00:00,113.20813006554306,L8
2020-05-18 11:08:47+00:00,129.79449340738444,L7
2020-05-18 11:08:47+00:00,120.83434208368732,S2
2020-05-26 10:47:39+00:00,,L8
2020-05-28 11:08:48+00:00,,S2
2020-06-22 11:08:53+00:00,,S2
2020-06-27 11:08:50+00:00,,L8
2020-06-27 11:08:50+00:00,,S2
2020-07-05 10:18:40+00:00,,L7
2020-07-07 11:08:49+00:00,,S2
2020-07-13 10:48:04+00:00,103.54728853387803,L8
2020-07-20 10:54:17+00:00,,L8
2020-07-21 10:17:41+00:00,,L7
2020-07-27 11:08:50+00:00,,S2
2020-07-29 10:48:08+00:00,102.87513702136343,L8
2020-08-05 10:54:20+00:00,,L8
2020-08-06 11:08:50+00:00,,L7
2020-08-06 11:08:50+00:00,,S2
2020-08-11 11:08:53+00:00,,S2
2020-08-26 11:08:51+00:00,96.37769436281937,S2
2020-09-07 10:14:37+00:00,,L7
2020-09-10 11:08:51+00:00,,S2
2020-09-30 11:08:53+00:00,,L7
2020-09-30 11:08:53+00:00,,S2
2020-10-10 11:08:53+00:00,99.79346958462078,S2
2020-10-17 10:48:32+00:00,,L8
2020-10-30 11:08:52+00:00,,S2
2020-11-04 11:08:50+00:00,,S2
2020-11-17 10:16:07+00:00,,L7
2020-11-18 10:48:30+00:00,,L8
2020-11-25 10:54:43+00:00,120.90479217179178,L8
2020-11-26 10:09:18+00:00,108.8481689672791,L7
2020-11-29 11:08:47+00:00,,S2
2021-01-08 11:08:48+00:00,118.72576803497964,S2
2021-01-18 11:08:48+00:00,,S2
2021-02-14 10:03:29+00:00,,L7
2021-02-17 11:08:46+00:00,,S2
2021-02-27 11:08:47+00:00,,S2
2021-03-01 10:54:22+00:00,,L8
2021-03-04 11:08:46+00:00,,S2
2021-03-17 10:54:12+00:00,,L8
2021-03-24 11:08:46+00:00,125.22357698711602,S2
2021-03-29 11:08:45+00:00,,S2
2021-04-03 11:08:45+00:00,,L7
2021-04-03 11:08:45+00:00,,S2
2021-04-08 11:08:43+00:00,144.41018684834324,S2
2021-04-18 11:08:42+00:00,,L8
2021-04-18 11:08:42+00:00,,S2
2021-04-23 11:08:41+00:00,149.27618259253362,S2
2021-05-03 11:08:44+00:00,136.82574175205443,S2
2021-05-20 10:54:01+00:00,141.48975860796784,L8
2021-06-02 11:08:48+00:00,135.4276459525537,S2
2021-06-05 10:54:09+00:00,134.76315236707808,L8
2021-06-07 11:08:48+00:00,133.13019486892895,S2
2021-06-13 09:59:55+00:00,,L7
2021-06-14 10:48:02+00:00,,L8
2021-07-22 11:08:49+00:00,128.14636237177882,S2
2021-08-08 10:54:29+00:00,,L8
2021-08-11 11:08:48+00:00,,S2
2021-08-25 09:47:28+00:00,,L7
2021-08-26 11:08:49+00:00,,S2
2021-08-31 11:08:44+00:00,132.8451374533347,S2
2021-09-01 09:53:03+00:00,,L7
2021-09-05 11:08:48+00:00,,S2
2021-09-10 11:08:44+00:00,,L7
2021-09-26 09:44:39+00:00,,L7
2021-09-30 11:08:47+00:00,131.82980246544847,S2
2021-10-10 11:08:48+00:00,,S2
2021-10-11 10:54:47+00:00,,L8
2021-10-12 09:43:15+00:00,115.033081815289,L7
2021-10-15 11:08:53+00:00,143.4480405694534,S2
2021-10-27 10:54:49+00:00,,L8
2021-10-28 09:41:47+00:00,,L7
2021-11-05 10:48:37+00:00,,L8
2021-11-09 11:08:47+00:00,,S2
2021-11-12 10:54:45+00:00,118.73376522443942,L8
2021-11-20 09:45:46+00:00,,L7
2021-12-14 11:08:47+00:00,110.12440627762724,S2
2021-12-15 10:48:29+00:00,113.3863783309286,L9
2021-12-31 10:48:29+00:00,88.19392224442667,L9
2022-01-13 11:08:48+00:00,108.18479674379121,S2
2022-01-23 11:08:47+00:00,,L9
2022-01-23 11:08:47+00:00,,S2
2022-01-24 10:48:22+00:00,,L8
2022-02-08 10:54:37+00:00,102.53135486661913,L9
2022-03-05 10:48:13+00:00,,L7
2022-03-05 10:48:13+00:00,,L9
2022-03-19 11:08:45+00:00,,S2
2022-03-24 11:08:50+00:00,,S2
2022-04-14 10:48:02+00:00,,L8
2022-04-22 10:47:57+00:00,,L9
2022-05-08 11:08:44+00:00,,L9
2022-05-08 11:08:44+00:00,,S2
2022-05-13 11:08:51+00:00,143.19845864186095,S2
2022-05-28 11:08:47+00:00,,S2
2022-05-31 10:53:54+00:00,,L7
2022-06-01 10:48:12+00:00,,L8
2022-06-07 11:08:49+00:00,137.1967594850624,S2
2022-06-17 11:08:51+00:00,,L7
2022-06-17 11:08:51+00:00,,L8
2022-06-17 11:08:51+00:00,,S2
2022-07-02 11:09:00+00:00,,L9
2022-07-02 11:09:00+00:00,,S2
2022-07-07 11:08:52+00:00,140.11263097010092,S2
2022-07-09 09:22:48+00:00,135.19164488147496,L7
2022-07-10 10:54:37+00:00,147.88240109314546,L8
2022-07-11 10:48:01+00:00,141.01792398474632,L9
2022-07-12 11:09:00+00:00,156.74685529350964,S2
2022-07-17 11:08:52+00:00,,S2
2022-07-18 10:54:14+00:00,,L9
2022-07-26 10:54:45+00:00,,L8
2022-07-27 11:08:52+00:00,,L9
2022-07-27 11:08:52+00:00,,S2
2022-08-01 11:08:57+00:00,,S2
2022-08-06 11:08:51+00:00,162.1808163662669,S2
2022-08-07 09:14:42+00:00,146.36214073148403,L7
2022-08-12 10:48:23+00:00,,L9
2022-08-24 09:13:11+00:00,,L7
2022-08-28 10:48:26+00:00,,L9
2022-09-04 10:54:36+00:00,146.5812061642442,L9
2022-09-05 11:08:49+00:00,147.41473117905173,L8
2022-09-05 11:08:49+00:00,160.3256176104498,S2
2022-09-15 11:08:49+00:00,,S2
2022-09-20 11:08:55+00:00,146.84581274704004,L9
2022-09-20 11:08:55+00:00,164.03385273248554,S2
2022-09-21 10:48:51+00:00,,L8
2022-09-30 11:08:54+00:00,,S2
