dates,PF543,satname
1984-05-06 17:49:52+00:00,,L5
1985-04-23 17:52:47+00:00,93.68549913552464,L5
1985-08-13 17:52:13+00:00,105.01264199878197,L5
1985-09-14 17:51:50+00:00,105.07939750609978,L5
1985-11-01 17:51:17+00:00,105.21218731806448,L5
1986-02-05 17:49:27+00:00,,L5
1986-02-21 17:49:05+00:00,68.95430741696045,L5
1986-05-12 17:47:17+00:00,73.09143386549313,L5
1986-06-13 17:46:21+00:00,85.6284725737397,L5
1986-07-15 17:45:17+00:00,95.26760823906626,L5
1986-09-01 17:43:32+00:00,101.63161317439875,L5
1986-10-03 17:42:31+00:00,104.64802333234009,L5
1986-11-04 17:41:25+00:00,96.26118228255329,L5
1986-12-22 17:41:34+00:00,97.8703003384888,L5
1987-02-08 17:43:05+00:00,79.13917195723941,L5
1987-03-28 17:44:54+00:00,82.4518299651843,L5
1987-04-13 17:45:26+00:00,78.97867493571573,L5
1987-05-31 17:46:46+00:00,90.61104666257773,L5
1987-06-16 17:47:08+00:00,116.78548067898595,L5
1987-07-18 17:47:46+00:00,96.15378784095164,L5
1987-08-19 17:48:43+00:00,100.2935815737548,L5
1987-09-04 17:49:08+00:00,123.12228829066916,L5
1988-05-01 17:52:46+00:00,67.22267282358038,L5
1988-07-04 17:53:12+00:00,98.94371296770957,L5
1988-07-20 17:53:15+00:00,107.7813654152835,L5
1988-09-22 17:53:14+00:00,92.40489483083135,L5
1989-03-17 17:51:38+00:00,89.08578171707977,L5
1989-04-02 17:51:36+00:00,84.76091664149214,L5
1989-06-05 17:50:45+00:00,97.07109384536143,L5
1989-06-21 17:50:19+00:00,97.65178436739868,L5
1989-08-24 17:49:03+00:00,102.27919729216335,L5
1989-09-09 17:48:38+00:00,104.2620686790366,L5
1989-10-27 17:47:16+00:00,102.80615728614202,L5
1989-11-28 17:46:28+00:00,,L5
1990-05-07 17:42:44+00:00,97.000223774077,L5
1990-08-27 17:42:26+00:00,98.74782256540729,L5
1990-09-12 17:42:24+00:00,91.07303524229275,L5
1990-10-14 17:42:08+00:00,96.59722764810553,L5
1990-10-30 17:41:59+00:00,88.00791857794003,L5
1991-09-15 17:46:27+00:00,102.76679875129402,L5
1992-01-21 17:46:48+00:00,,L5
1992-04-10 17:46:32+00:00,116.22169705403562,L5
1992-04-26 17:46:24+00:00,83.86974681919965,L5
1992-05-12 17:46:15+00:00,82.55237952070668,L5
1992-06-13 17:45:55+00:00,88.85607489497343,L5
1992-08-16 17:45:05+00:00,100.9677877942211,L5
1992-10-03 17:44:13+00:00,99.30233160757253,L5
1992-10-19 17:44:00+00:00,100.40705645786464,L5
1992-11-20 17:43:31+00:00,91.5888722454741,L5
1992-12-06 17:43:46+00:00,102.35697142329575,L5
1992-12-22 17:43:56+00:00,81.6381882253726,L5
1993-01-23 17:44:16+00:00,,L5
1993-04-13 17:44:52+00:00,98.00849228665491,L5
1993-05-31 17:45:05+00:00,80.25210941044814,L5
1993-06-16 17:45:03+00:00,89.58068306106901,L5
1993-10-22 17:44:41+00:00,111.99143147450374,L5
1993-11-07 17:44:35+00:00,104.31094026585309,L5
1993-12-09 17:44:24+00:00,82.3635916217235,L5
1994-01-10 17:44:00+00:00,,L5
1994-02-11 17:43:38+00:00,78.77063245737862,L5
1994-02-27 17:43:23+00:00,96.65438826952706,L5
1994-03-15 17:43:09+00:00,94.75589687862208,L5
1994-06-19 17:41:22+00:00,94.25857190278226,L5
1994-07-05 17:40:57+00:00,96.67542061294425,L5
1994-07-21 17:40:31+00:00,100.89681473137169,L5
1994-08-22 17:39:41+00:00,110.37569118009363,L5
1994-09-07 17:39:17+00:00,114.25599895359687,L5
1994-09-23 17:38:51+00:00,113.29741230775787,L5
1994-10-09 17:38:23+00:00,108.36195895112118,L5
1995-06-06 17:29:06+00:00,90.81234503732325,L5
1995-09-10 17:24:43+00:00,114.78739374399302,L5
1996-04-05 17:31:16+00:00,92.40763475803642,L5
1996-04-21 17:32:15+00:00,81.03039366142396,L5
1996-05-07 17:33:11+00:00,87.30137838694631,L5
1996-05-23 17:34:06+00:00,85.59424347659984,L5
1996-06-08 17:35:00+00:00,85.64617880988986,L5
1996-09-12 17:40:08+00:00,115.31177046000828,L5
1996-12-01 17:44:08+00:00,95.5918239657952,L5
1996-12-17 17:44:52+00:00,92.94346456827864,L5
1997-01-18 17:46:23+00:00,90.98913148370849,L5
1997-02-19 17:47:47+00:00,81.44750802764158,L5
1997-03-07 17:48:26+00:00,,L5
1997-04-24 17:50:12+00:00,,L5
1997-06-27 17:52:25+00:00,117.6234920067352,L5
1997-08-14 17:54:01+00:00,115.202105579218,L5
1997-08-30 17:54:30+00:00,102.7902883221335,L5
1997-10-17 17:55:51+00:00,102.33918033068892,L5
1997-11-02 17:56:17+00:00,77.12770648507188,L5
1997-11-18 17:56:39+00:00,77.22406675040676,L5
1997-12-04 17:57:03+00:00,90.6672997190231,L5
1998-01-21 17:58:09+00:00,71.40270050054926,L5
1998-03-10 17:59:04+00:00,68.02418156122658,L5
1998-04-27 17:59:41+00:00,81.18637621219148,L5
1998-06-14 18:00:25+00:00,,L5
1998-06-30 18:00:37+00:00,,L5
1998-10-04 18:01:23+00:00,102.70719137675343,L5
1998-10-20 18:01:22+00:00,101.87547828990851,L5
1998-11-21 18:01:35+00:00,87.52634005615363,L5
1998-12-07 18:01:30+00:00,,L5
1998-12-23 18:01:36+00:00,88.13633634068181,L5
1999-01-08 18:01:35+00:00,,L5
1999-02-25 18:01:47+00:00,94.41281905681201,L5
1999-03-13 18:01:35+00:00,82.55095697022806,L5
1999-08-12 18:15:26+00:00,100.21783115413507,L7
1999-09-29 18:15:34+00:00,112.36625723546896,L7
1999-10-23 17:59:02+00:00,106.4502698803735,L5
1999-10-31 18:15:26+00:00,96.64920017567454,L7
1999-11-24 17:57:54+00:00,,L5
1999-12-02 18:15:21+00:00,88.9304778914812,L7
1999-12-18 18:15:29+00:00,90.13785882188175,L7
1999-12-26 17:57:39+00:00,88.69195424495928,L5
2000-01-03 18:15:22+00:00,73.55324753918659,L7
2000-01-27 17:57:01+00:00,90.83982249519558,L5
2000-02-04 18:15:19+00:00,81.91722456935278,L7
2000-03-23 18:15:09+00:00,82.98762594493597,L7
2000-03-31 17:56:57+00:00,80.5796889464904,L5
2000-04-16 17:57:11+00:00,88.9806476230577,L5
2000-05-02 17:58:01+00:00,85.50433301664621,L5
2000-05-18 17:58:20+00:00,89.06989784332531,L5
2000-05-26 18:14:30+00:00,84.69583704695779,L7
2000-06-11 18:14:24+00:00,86.10932051869793,L7
2000-06-19 17:59:00+00:00,92.30783112627658,L5
2000-07-05 17:59:21+00:00,89.71651429938582,L5
2000-07-13 18:14:01+00:00,102.6914033452891,L7
2000-08-22 18:00:17+00:00,104.40082754612146,L5
2000-10-17 18:12:42+00:00,114.25369462424865,L7
2000-10-25 18:01:17+00:00,99.43988987466165,L5
2000-11-02 18:12:54+00:00,108.7266241115444,L7
2000-11-18 18:12:52+00:00,119.25594078892335,L7
2000-11-26 18:01:45+00:00,96.61845031903324,L5
2000-12-04 18:12:52+00:00,97.80818088441539,L7
2000-12-28 18:02:15+00:00,81.57637192425624,L5
2001-01-13 18:02:23+00:00,81.80119922538304,L5
2001-04-27 18:12:37+00:00,90.27671838551592,L7
2001-06-14 18:12:08+00:00,107.46754411360482,L7
2001-07-16 18:11:53+00:00,105.34737604545595,L7
2001-07-24 18:02:52+00:00,107.58517129164959,L5
2001-10-04 18:10:48+00:00,115.95985951506762,L7
2001-10-12 18:02:30+00:00,120.86467636371341,L5
2001-10-20 18:10:51+00:00,116.03420197923138,L7
2002-05-24 17:59:16+00:00,97.26322506253403,L5
2002-06-01 18:11:09+00:00,83.05571349139923,L7
2002-07-27 17:57:48+00:00,122.82494496350193,L5
2002-08-28 17:56:49+00:00,132.88457693256007,L5
2002-10-07 18:10:15+00:00,137.0217734743907,L7
2002-11-16 17:54:24+00:00,126.42196699281298,L5
2002-12-18 17:54:12+00:00,85.22930801874006,L5
2002-12-26 18:10:53+00:00,75.31687976650993,L7
2003-01-03 17:54:40+00:00,83.51867288334745,L5
2003-01-11 18:10:55+00:00,88.93477216133009,L7
2003-01-27 18:11:02+00:00,92.26542311822308,L7
2003-02-04 17:55:21+00:00,98.38228515406053,L5
2003-02-20 17:55:43+00:00,84.40509805479591,L5
2003-04-01 18:11:16+00:00,95.85427289465298,L7
2003-04-09 17:57:00+00:00,84.31702335968826,L5
2003-05-11 17:57:41+00:00,102.68962729112282,L5
2003-06-12 17:58:17+00:00,100.65731963399608,L5
2003-11-19 18:00:55+00:00,110.78463820000717,L5
2004-01-22 18:01:22+00:00,97.30995392743405,L5
2004-02-15 18:11:39+00:00,109.64502910314451,L7
2004-04-11 18:02:08+00:00,105.48717177520714,L5
2004-04-19 18:11:40+00:00,98.74631600699567,L7
2004-04-27 18:02:35+00:00,101.85473680534928,L5
2004-05-29 18:03:30+00:00,98.20316769440676,L5
2004-06-06 18:11:38+00:00,95.68816439927639,L7
2004-07-16 18:04:54+00:00,116.2310586442251,L5
2004-08-25 18:11:19+00:00,122.27112032800689,L7
2004-09-10 18:11:13+00:00,131.30709316213185,L7
2004-09-18 18:06:28+00:00,112.40090552653265,L5
2004-10-12 18:11:06+00:00,122.27265570794604,L7
2004-11-29 18:11:39+00:00,111.5539762560498,L7
2004-12-15 18:11:45+00:00,102.37569415902408,L7
2005-03-21 18:12:14+00:00,84.89906923380576,L7
2005-06-25 18:11:57+00:00,116.05091302050357,L7
2005-08-28 18:11:46+00:00,116.2410017084711,L7
2005-09-13 18:11:36+00:00,117.15246362178293,L7
2005-09-21 18:10:39+00:00,150.8755824154413,L5
2005-09-29 18:11:37+00:00,120.32619962577665,L7
2005-10-07 18:10:36+00:00,122.27538410575345,L5
2005-10-31 18:11:53+00:00,121.02878151575905,L7
2005-11-16 18:12:03+00:00,122.61893423529386,L7
2005-11-24 18:11:11+00:00,126.20595067481892,L5
2006-01-19 18:12:28+00:00,82.85976313688597,L7
2006-01-27 18:12:38+00:00,96.61477533261363,L5
2006-02-12 18:13:01+00:00,98.7125910540983,L5
2006-02-20 18:12:37+00:00,106.74208895307738,L7
2006-03-08 18:12:39+00:00,97.27163787352895,L7
2006-03-24 18:12:38+00:00,121.44952025134343,L7
2006-04-09 18:12:35+00:00,89.6078306876887,L7
2006-06-12 18:12:33+00:00,115.18396279465296,L7
2006-06-20 18:15:13+00:00,109.72807344435292,L5
2006-06-28 18:12:28+00:00,102.69360651241944,L7
2006-07-14 18:12:20+00:00,112.256915512266,L7
2006-07-22 18:15:41+00:00,118.01632737129424,L5
2006-08-07 18:15:53+00:00,115.62137552283819,L5
2006-08-15 18:12:13+00:00,124.04604156878902,L7
2006-09-08 18:16:15+00:00,116.63370199189109,L5
2006-09-16 18:12:04+00:00,120.56474150798333,L7
2006-09-24 18:16:27+00:00,121.40306743779523,L5
2006-10-10 18:16:38+00:00,126.34320032343857,L5
2006-10-18 18:12:05+00:00,122.71536569180212,L7
2006-10-26 18:16:49+00:00,121.24794659155236,L5
2006-11-11 18:16:58+00:00,115.5232357739113,L5
2006-12-29 18:17:19+00:00,92.61400588040065,L5
2007-03-11 18:13:04+00:00,121.82230013537689,L7
2007-06-23 18:16:26+00:00,118.60166133550065,L5
2007-09-03 18:12:26+00:00,131.28483963958394,L7
2007-09-11 18:15:39+00:00,133.98864271589218,L5
2007-10-05 18:12:12+00:00,123.46060109416362,L7
2008-01-17 18:13:38+00:00,114.67056379169367,L5
2008-03-13 18:12:41+00:00,122.68177643621179,L7
2008-05-16 18:12:32+00:00,109.42784243546522,L7
2008-06-25 18:09:56+00:00,109.45717020597617,L5
2008-08-04 18:11:46+00:00,134.56029297698302,L7
2008-08-12 18:08:32+00:00,119.25202346331058,L5
2008-08-20 18:11:40+00:00,134.05677571712303,L7
2008-09-21 18:11:23+00:00,123.76212352389686,L7
2008-10-15 18:06:38+00:00,137.91806489077774,L5
2008-10-23 18:11:22+00:00,126.73142045459781,L7
2008-10-31 18:06:04+00:00,135.00745961185936,L5
2008-11-08 18:11:37+00:00,121.97174289445329,L7
2008-11-16 18:05:52+00:00,115.35602231290461,L5
2008-12-26 18:12:08+00:00,107.87041088402586,L7
2009-01-27 18:12:18+00:00,117.64444949066281,L7
2009-02-04 18:08:10+00:00,117.31864628974964,L5
2009-02-20 18:08:33+00:00,119.05839752578149,L5
2009-02-28 18:12:35+00:00,118.22043149637085,L7
2009-03-16 18:12:43+00:00,122.24021299124725,L7
2009-03-24 18:09:17+00:00,102.52615366181828,L5
2009-04-17 18:12:54+00:00,105.46978722603825,L7
2009-04-25 18:09:56+00:00,112.58828608271557,L5
2009-07-14 18:11:23+00:00,126.3621414606811,L5
2009-07-22 18:12:50+00:00,132.3646977164074,L7
2009-08-07 18:12:44+00:00,125.08878721294633,L7
2009-08-15 18:11:52+00:00,125.46851461497712,L5
2009-09-08 18:12:43+00:00,135.28228692218727,L7
2009-09-16 18:12:20+00:00,124.80733860974964,L5
2009-09-24 18:12:41+00:00,129.63909694111396,L7
2009-10-10 18:12:36+00:00,133.71042383469623,L7
2009-10-26 18:12:53+00:00,118.16526153758814,L7
2009-11-19 18:12:55+00:00,114.27003134938543,L5
2009-11-27 18:13:18+00:00,114.70153156331004,L7
2009-12-29 18:13:48+00:00,94.86036218846971,L7
2010-03-27 18:13:28+00:00,86.06433224402731,L5
2010-04-04 18:14:45+00:00,79.67946129652532,L7
2010-05-06 18:14:42+00:00,98.76735998564405,L7
2010-05-30 18:13:15+00:00,96.82554812030864,L5
2010-08-10 18:14:45+00:00,132.59085532071865,L7
2010-08-18 18:12:52+00:00,126.89630033263786,L5
2010-08-26 18:14:48+00:00,134.0304600157922,L7
2010-10-29 18:15:03+00:00,136.01823176948503,L7
2010-11-14 18:15:16+00:00,123.33757729293878,L7
2010-12-24 18:12:26+00:00,114.62213518236956,L5
2011-01-01 18:15:43+00:00,108.660391514874,L7
2011-01-17 18:15:51+00:00,102.85557953575159,L7
2011-01-25 18:12:28+00:00,113.2492644751689,L5
2011-02-02 18:15:57+00:00,103.41341558375524,L7
2011-02-10 18:12:31+00:00,114.95170765176013,L5
2011-02-18 18:16:00+00:00,,L7
2011-03-14 18:12:26+00:00,111.87993081014996,L5
2011-04-15 18:12:17+00:00,99.96820907644594,L5
2011-06-02 18:12:00+00:00,104.08303689258709,L5
2011-06-18 18:11:51+00:00,136.56163354806563,L5
2011-07-04 18:11:45+00:00,124.13365813291078,L5
2011-07-12 18:16:04+00:00,123.6963625738658,L7
2011-08-05 18:11:28+00:00,121.39239890659003,L5
2011-10-08 18:10:37+00:00,119.96339415369067,L5
2012-01-04 18:16:34+00:00,106.8073347134494,L7
2012-01-20 18:16:33+00:00,116.89832355657109,L7
2012-02-05 18:16:38+00:00,95.10963275537274,L7
2012-05-11 18:17:14+00:00,109.53715044982673,L7
2012-05-27 18:17:04+00:00,108.6490331192384,L7
2012-07-30 18:17:28+00:00,118.36704987502803,L7
2012-08-15 18:17:41+00:00,125.02332606250877,L7
2012-08-31 18:17:50+00:00,131.8250270285336,L7
2012-11-03 18:18:23+00:00,117.8648237497415,L7
2012-11-19 18:18:31+00:00,128.3888033130264,L7
2012-12-21 18:18:40+00:00,112.68421966808486,L7
2013-01-06 18:18:42+00:00,112.32395318092455,L7
2013-01-22 18:18:44+00:00,113.68922900772229,L7
2013-02-07 18:18:46+00:00,124.19274026182737,L7
2013-03-19 18:21:21+00:00,114.74661464946439,L8
2013-04-12 18:18:33+00:00,97.85905660789616,L7
2013-04-20 18:24:20+00:00,108.5889939711858,L8
2013-06-15 18:18:12+00:00,125.34947700202723,L7
2013-07-17 18:17:55+00:00,118.08153604795919,L7
2013-08-02 18:17:48+00:00,121.28013942382668,L7
2013-08-10 18:24:33+00:00,136.73025768534623,L8
2013-09-19 18:18:14+00:00,135.6512882851825,L7
2013-09-27 18:24:25+00:00,119.54040638483745,L8
2013-10-05 18:18:26+00:00,121.56353793324661,L7
2013-10-13 18:24:25+00:00,113.32806796956977,L8
2013-10-21 18:18:36+00:00,135.1404312141297,L7
2013-10-29 18:24:16+00:00,117.6421529547604,L8
2013-11-06 18:18:41+00:00,132.47676672929504,L7
2013-11-14 18:24:15+00:00,118.07957837145308,L8
2013-12-16 18:24:03+00:00,134.95274918563948,L8
2013-12-24 18:18:56+00:00,,L7
2014-01-01 18:23:56+00:00,106.61272746673191,L8
2014-01-09 18:18:59+00:00,116.06506677461167,L7
2014-01-17 18:23:41+00:00,115.99549608843722,L8
2014-01-25 18:19:20+00:00,107.51729775403174,L7
2014-03-06 18:23:07+00:00,100.96039856448941,L8
2014-03-30 18:19:31+00:00,105.07885775713473,L7
2014-04-07 18:22:41+00:00,108.11568234082503,L8
2014-04-23 18:22:25+00:00,107.16013567828394,L8
2014-05-01 18:19:46+00:00,106.77867781848094,L7
2014-05-09 18:22:09+00:00,113.35362332337644,L8
2014-05-25 18:22:04+00:00,121.25180016808537,L8
2014-06-02 18:19:56+00:00,123.57888143439845,L7
2014-06-18 18:19:57+00:00,111.20680977878693,L7
2014-07-28 18:22:28+00:00,133.87747902829253,L8
2014-08-05 18:20:12+00:00,124.29758790725829,L7
2014-08-29 18:22:37+00:00,,L8
2014-09-06 18:20:12+00:00,118.74506796395356,L7
2014-09-14 18:22:41+00:00,131.02072653204266,L8
2014-09-22 18:20:17+00:00,126.6700952180171,L7
2014-09-30 18:22:42+00:00,136.2909550391138,L8
2014-10-16 18:22:47+00:00,120.26319621059835,L8
2014-10-24 18:20:38+00:00,121.54960949045339,L7
2014-11-17 18:22:44+00:00,118.14522475871523,L8
2014-12-19 18:22:40+00:00,120.51031295270249,L8
2014-12-27 18:21:04+00:00,107.75731156316753,L7
2015-02-13 18:21:12+00:00,113.33221423007122,L7
2015-03-09 18:22:12+00:00,102.86375860591025,L8
2015-03-25 18:22:04+00:00,107.04739846677316,L8
2015-04-10 18:21:55+00:00,121.30344013386957,L8
2015-04-18 18:21:46+00:00,120.54847250603535,L7
2015-04-26 18:21:51+00:00,113.09289629092463,L8
2015-06-21 18:22:09+00:00,,L7
2015-07-15 18:22:06+00:00,125.54861185782514,L8
2015-07-23 18:22:18+00:00,125.52293998949851,L7
2015-08-08 18:22:22+00:00,124.14320531358393,L7
2015-08-10 18:33:34+00:00,128.33117314273085,S2
2015-09-01 18:22:21+00:00,118.79685594923,L8
2015-09-02 18:44:34+00:00,135.806048831962,S2
2015-09-17 18:22:30+00:00,135.4559343294515,L8
2015-09-22 18:44:30+00:00,124.21807713636834,S2
2015-09-29 18:33:12+00:00,121.06464020304178,S2
2015-10-03 18:22:34+00:00,121.64949698989639,L8
2015-10-11 18:22:41+00:00,117.64403988445935,L7
2015-10-22 18:40:04+00:00,118.81288017609585,S2
2015-11-11 18:39:56+00:00,131.31906170227947,S2
2015-11-12 18:23:13+00:00,134.35235361658135,L7
2015-11-20 18:22:41+00:00,115.72153102987245,L8
2015-11-21 18:44:25+00:00,113.95305871351829,S2
2015-11-28 18:23:26+00:00,113.56634544667033,L7
2015-12-08 18:35:44+00:00,83.51529080721548,S2
2015-12-18 18:37:04+00:00,91.45798899190301,S2
2015-12-21 18:45:25+00:00,100.08861759289289,S2
2015-12-21 18:45:25+00:00,100.08861759289289,S2
2015-12-30 18:23:55+00:00,102.10387610377707,L7
2015-12-31 18:46:06+00:00,101.05142920528702,S2
2016-01-17 18:34:34+00:00,91.02074920596068,S2
2016-01-20 18:45:21+00:00,92.41421903897621,S2
2016-01-20 18:45:21+00:00,92.41421903897621,S2
2016-02-06 18:33:06+00:00,61.65950479439737,S2
2016-02-08 18:22:33+00:00,84.82714417912008,L8
2016-02-09 18:44:43+00:00,98.07104977133413,S2
2016-02-16 18:26:36+00:00,82.04897764695869,L7
2016-02-16 18:26:36+00:00,74.93564368236943,S2
2016-02-19 18:44:42+00:00,72.45467309919255,S2
2016-02-24 18:22:26+00:00,80.7394546751537,L8
2016-03-27 18:22:15+00:00,74.26811159051502,L8
2016-03-30 18:42:50+00:00,87.765331192285,S2
2016-03-30 18:42:50+00:00,87.765331192285,S2
2016-04-19 18:44:29+00:00,94.25294675105572,S2
2016-04-20 18:24:51+00:00,75.13577505742812,L7
2016-04-29 18:40:37+00:00,92.7069777294465,S2
2016-06-15 18:33:52+00:00,95.77764754613405,S2
2016-06-15 18:33:52+00:00,86.69958728568147,L8
2016-06-15 18:33:52+00:00,95.77764754613405,S2
2016-06-23 18:25:06+00:00,101.0551985135806,L7
2016-07-05 18:33:12+00:00,100.21811264748408,S2
2016-07-09 18:25:06+00:00,115.6288967414796,L7
2016-07-15 18:30:13+00:00,100.35862229948816,S2
2016-07-15 18:30:13+00:00,100.35862229948816,S2
2016-08-02 18:22:34+00:00,101.97677127734306,L8
2016-08-04 18:33:28+00:00,118.51147875232049,S2
2016-08-10 18:25:10+00:00,121.11323555219661,L7
2016-08-14 18:33:12+00:00,116.15055142282608,S2
2016-08-17 18:38:24+00:00,114.0327411251729,S2
2016-08-24 18:33:19+00:00,112.8893867285201,S2
2016-09-03 18:33:09+00:00,110.25118791488943,L8
2016-09-03 18:33:09+00:00,120.54865322383934,S2
2016-09-06 18:38:14+00:00,120.71625568619196,S2
2016-09-23 18:34:38+00:00,111.00173762171592,S2
2016-09-26 18:38:51+00:00,109.67154955593548,S2
2016-09-27 18:25:18+00:00,123.12224748729813,L7
2016-10-03 18:24:56+00:00,119.64283891772172,S2
2016-10-05 18:22:49+00:00,110.57435114914271,L8
2016-10-06 18:44:23+00:00,115.68704897434039,S2
2016-10-13 18:33:05+00:00,,L7
2016-10-13 18:33:05+00:00,117.71147709044573,S2
2016-10-16 18:39:46+00:00,115.68281997923259,S2
2016-10-16 18:39:46+00:00,115.68281997923259,S2
2016-10-21 18:22:53+00:00,106.05079242817354,L8
2016-10-26 18:44:24+00:00,107.47249987074878,S2
2016-11-05 18:43:37+00:00,107.35121680387869,S2
2016-11-06 18:22:53+00:00,98.48311926672689,L8
2016-11-12 18:31:28+00:00,101.0717538866532,S2
2016-11-14 18:25:05+00:00,86.81623434736981,L7
2016-11-22 18:28:02+00:00,100.31179162755038,S2
2016-11-22 18:28:02+00:00,88.44723756714832,L8
2016-11-22 18:28:02+00:00,100.31179162755038,S2
2016-11-25 18:37:11+00:00,99.64753866181027,S2
2016-11-30 18:25:03+00:00,88.66729274198612,L7
2016-12-02 18:27:28+00:00,,S2
2016-12-08 18:22:51+00:00,97.50162420494209,L8
2017-01-01 18:27:43+00:00,80.36548772909718,L7
2017-01-04 18:41:16+00:00,106.92138576818849,S2
2017-01-17 18:24:40+00:00,105.42473687269367,L7
2017-01-25 18:22:38+00:00,63.5387280315879,L8
2017-01-31 18:25:58+00:00,76.18392935615272,S2
2017-02-02 18:24:32+00:00,96.26660851018765,L7
2017-02-13 18:37:21+00:00,80.60433199072591,S2
2017-02-23 18:44:21+00:00,75.66622608599822,S2
2017-03-02 18:33:02+00:00,72.86500779653909,S2
2017-03-06 18:24:40+00:00,85.27847925165636,L7
2017-03-14 18:22:16+00:00,85.22795978089405,L8
2017-03-25 18:35:11+00:00,83.56806826538688,S2
2017-03-30 18:22:08+00:00,75.99668575638874,L8
2017-04-01 18:30:59+00:00,85.50034643500891,S2
2017-04-04 18:44:24+00:00,89.27891819960603,S2
2017-04-07 18:24:50+00:00,81.79824575787907,L7
2017-04-11 18:33:08+00:00,78.5503321879981,S2
2017-04-14 18:43:20+00:00,88.2538235732411,S2
2017-04-15 18:22:00+00:00,89.73567127065505,L8
2017-04-21 18:29:38+00:00,97.0248153645568,S2
2017-05-01 18:33:11+00:00,92.76957158195381,L8
2017-05-01 18:33:11+00:00,97.27699926363383,S2
2017-06-02 18:22:10+00:00,,L8
2017-07-05 18:33:16+00:00,118.24081558927104,S2
2017-07-12 18:25:12+00:00,106.61006846748448,L7
2017-07-15 18:32:05+00:00,119.01598025871921,S2
2017-08-04 18:33:48+00:00,118.47820458555432,S2
2017-08-05 18:22:32+00:00,126.28103873917337,L8
2017-08-09 18:33:22+00:00,115.94535862199336,S2
2017-08-14 18:34:52+00:00,121.78918855348061,S2
2017-08-17 18:44:24+00:00,118.55967374293155,S2
2017-08-21 18:22:37+00:00,140.42215397838868,L8
2017-09-01 18:39:59+00:00,121.25370204951452,S2
2017-09-23 18:32:56+00:00,115.51715843778258,S2
2017-09-26 18:44:12+00:00,127.99009244937693,S2
2017-09-30 18:25:08+00:00,126.63740834676803,L7
2017-10-01 18:43:27+00:00,120.61205624728031,S2
2017-10-06 18:35:44+00:00,121.90616072249416,S2
2017-10-08 18:33:08+00:00,110.58760764093432,L8
2017-10-08 18:33:08+00:00,125.04169068032105,S2
2017-10-13 18:32:55+00:00,115.93151515225337,S2
2017-10-16 18:44:13+00:00,114.68973481855743,L7
2017-10-16 18:44:13+00:00,119.52374096191015,S2
2017-10-18 18:30:48+00:00,112.27202520904532,S2
2017-10-21 18:44:26+00:00,126.36535470912735,S2
2017-10-23 18:26:49+00:00,112.11372901835179,S2
2017-10-24 18:22:51+00:00,110.39049399849978,L8
2017-10-26 18:44:38+00:00,118.58999064328067,S2
2017-11-10 18:44:43+00:00,124.88241871164885,S2
2017-11-20 18:36:50+00:00,119.3798655327318,S2
2017-11-22 18:33:16+00:00,117.15166675600913,S2
2017-11-25 18:22:43+00:00,106.98520789373903,L8
2017-12-07 18:33:04+00:00,123.3098429142447,S2
2017-12-11 18:22:42+00:00,112.9948125231107,L8
2017-12-12 18:33:53+00:00,114.674102589637,S2
2017-12-15 18:39:26+00:00,105.9062758467616,S2
2017-12-17 18:27:50+00:00,98.85796618036505,S2
2017-12-19 18:24:52+00:00,114.07820715303315,L7
2017-12-20 18:44:22+00:00,121.47983047559683,S2
2017-12-22 18:31:28+00:00,116.74666220582017,S2
2017-12-27 18:33:03+00:00,113.60199338395367,L8
2017-12-27 18:33:03+00:00,116.64612698850861,S2
2017-12-30 18:37:50+00:00,118.83873892232339,S2
2018-01-04 18:44:35+00:00,113.33301569953531,L7
2018-01-04 18:44:35+00:00,122.54243778431776,S2
2018-01-11 18:27:20+00:00,99.01338235533025,S2
2018-01-14 18:37:16+00:00,106.56261242588475,S2
2018-01-20 18:24:25+00:00,89.9844443166077,L7
2018-01-21 18:26:47+00:00,99.61464869801323,S2
2018-01-26 18:29:58+00:00,95.84299190334103,S2
2018-01-28 18:22:28+00:00,87.81977479199846,L8
2018-01-29 18:44:42+00:00,104.3906291947355,S2
2018-01-31 18:25:58+00:00,100.51341135004886,S2
2018-02-03 18:35:47+00:00,108.98373977860592,S2
2018-02-05 18:25:35+00:00,107.27546331463714,L7
2018-02-05 18:25:35+00:00,108.91657226936901,S2
2018-02-08 18:35:21+00:00,102.41426311049743,S2
2018-02-15 18:33:42+00:00,96.62728842962353,S2
2018-02-20 18:24:53+00:00,95.67812986666858,S2
2018-02-25 18:35:05+00:00,100.29127051025586,S2
2018-02-28 18:38:43+00:00,105.25927364119984,S2
2018-03-01 18:22:15+00:00,105.59076276659049,L8
2018-03-02 18:24:00+00:00,104.40249363460883,S2
2018-03-05 18:37:18+00:00,110.87908807891314,S2
2018-03-09 18:23:49+00:00,115.06845538267005,L7
2018-03-17 18:29:08+00:00,94.22758021142025,L8
2018-03-17 18:29:08+00:00,100.67817287208962,S2
2018-03-20 18:40:03+00:00,114.64241078452683,S2
2018-03-25 18:40:52+00:00,105.61444725016577,L7
2018-03-25 18:40:52+00:00,114.62839617665091,S2
2018-03-27 18:26:37+00:00,116.65585863953643,S2
2018-04-09 18:43:22+00:00,108.8899088435942,S2
2018-04-10 18:23:22+00:00,112.66834050799439,L7
2018-04-11 18:27:03+00:00,116.65511539622824,S2
2018-04-18 18:21:49+00:00,102.34619354042167,L8
2018-04-21 18:34:25+00:00,98.80370197712574,S2
2018-04-26 18:25:37+00:00,112.24218431921184,L7
2018-04-26 18:25:37+00:00,99.52849976197959,S2
2018-05-04 18:29:56+00:00,122.38805080355735,L8
2018-05-16 18:27:09+00:00,116.43018862631472,S2
2018-05-26 18:29:39+00:00,112.59724002600515,S2
2018-05-28 18:22:33+00:00,,L7
2018-06-10 18:27:00+00:00,99.42334140651087,S2
2018-07-05 18:31:48+00:00,123.10817290127721,S2
2018-07-07 18:21:39+00:00,110.77737720851925,L8
2018-07-15 18:27:32+00:00,,L7
2018-07-15 18:27:32+00:00,,S2
2018-07-23 18:36:44+00:00,116.29732072092511,L8
2018-08-04 18:34:54+00:00,126.2722207600219,S2
2018-08-08 18:21:55+00:00,123.74542227024506,L8
2018-08-09 18:32:29+00:00,124.82241440650688,S2
2018-08-16 18:21:05+00:00,123.574911112717,L7
2018-08-22 18:41:11+00:00,125.30101549309406,S2
2018-08-24 18:32:58+00:00,120.32208559069649,S2
2018-09-01 18:33:16+00:00,,L7
2018-09-01 18:33:16+00:00,133.69455701923332,S2
2018-09-13 18:30:20+00:00,120.33352356646445,S2
2018-09-16 18:40:01+00:00,118.74213253847837,S2
2018-09-18 18:26:31+00:00,112.89552313650574,S2
2018-09-21 18:35:09+00:00,117.2661078991405,S2
2018-09-23 18:26:42+00:00,113.89887836691334,S2
2018-10-08 18:31:50+00:00,114.64319929753862,S2
2018-10-16 18:42:06+00:00,131.80988028509438,S2
2018-10-18 18:24:10+00:00,119.2914875137365,S2
2018-10-19 18:19:38+00:00,115.43977345143777,L7
2018-10-21 18:41:58+00:00,120.83035363731872,S2
2018-10-23 18:25:58+00:00,115.88389679122578,S2
2018-11-02 18:29:01+00:00,116.86452422358465,S2
2018-11-12 18:35:12+00:00,126.53926197694429,L8
2018-11-12 18:35:12+00:00,124.03398278758056,S2
2018-11-15 18:45:08+00:00,126.67155336368923,S2
2018-11-17 18:35:14+00:00,115.85290721372759,S2
2018-11-25 18:45:06+00:00,115.97705256993177,S2
2018-11-27 18:35:13+00:00,120.14744885266441,S2
2018-12-07 18:35:11+00:00,84.87747338350867,S2
2018-12-15 18:45:05+00:00,94.772934126723,S2
2018-12-22 18:35:09+00:00,83.96172985961678,S2
2018-12-30 18:45:11+00:00,84.05488844440764,L8
2019-01-01 18:35:11+00:00,98.66754774458342,S2
2019-01-04 18:45:08+00:00,92.22277943257771,S2
2019-01-07 18:17:34+00:00,81.83391115837338,L7
2019-01-21 18:35:13+00:00,77.42532311228265,S2
2019-01-23 18:17:03+00:00,90.2241869001107,L7
2019-01-24 18:45:10+00:00,91.29252120296135,S2
2019-01-26 18:35:17+00:00,86.44219642813992,S2
2019-02-08 18:45:14+00:00,92.18338212904351,L7
2019-02-08 18:45:14+00:00,96.36661235523809,S2
2019-02-15 18:35:17+00:00,89.94132018258301,S2
2019-02-16 18:22:17+00:00,82.95934587609169,L8
2019-02-18 18:45:13+00:00,81.99277893869007,S2
2019-02-23 18:45:09+00:00,90.33396741172666,S2
2019-02-24 18:16:05+00:00,92.72840777872817,L7
2019-02-25 18:35:16+00:00,100.08400719212676,S2
2019-03-05 18:45:08+00:00,88.04464994137197,S2
2019-03-12 18:35:13+00:00,86.12849566577297,L7
2019-03-12 18:35:13+00:00,81.52637046536758,S2
2019-03-17 18:35:15+00:00,81.32071452211797,S2
2019-03-22 18:35:15+00:00,80.39693960497128,S2
2019-03-25 18:45:12+00:00,98.6290579557781,S2
2019-03-30 18:45:15+00:00,96.43856337543349,S2
2019-04-01 18:35:17+00:00,83.643886878265,S2
2019-04-09 18:45:18+00:00,101.12194280830865,S2
2019-04-13 18:14:28+00:00,93.15494744587134,L7
2019-04-14 18:45:16+00:00,114.69226057295077,S2
2019-04-24 18:45:17+00:00,114.3185635938315,S2
2019-05-01 18:35:21+00:00,,S2
2019-05-04 18:45:17+00:00,106.2582239452706,S2
2019-05-06 18:35:25+00:00,108.5653992006203,S2
2019-06-08 18:45:21+00:00,114.75354683114921,L8
2019-06-30 18:35:22+00:00,123.75960736659606,S2
2019-07-02 18:11:30+00:00,120.0643934229869,L7
2019-07-05 18:35:26+00:00,109.34196911008604,S2
2019-07-10 18:35:22+00:00,113.2960929774975,L8
2019-07-10 18:35:22+00:00,111.85273919614843,S2
2019-07-18 18:45:22+00:00,120.15266388464612,L7
2019-07-20 18:35:22+00:00,113.7842884092938,S2
2019-07-26 18:22:33+00:00,117.317003212307,L8
2019-07-30 18:35:22+00:00,103.8600689291754,S2
2019-08-09 18:35:21+00:00,119.24074012475971,S2
2019-08-17 18:45:19+00:00,121.04137457633843,S2
2019-08-19 18:35:20+00:00,129.91895069625804,L7
2019-08-19 18:35:20+00:00,132.12847272897199,S2
2019-08-22 18:45:16+00:00,125.3936530876196,S2
2019-08-27 18:45:18+00:00,120.42610028673013,L8
2019-08-27 18:45:18+00:00,119.04842434766223,S2
2019-09-06 18:45:16+00:00,127.9851630240313,S2
2019-09-08 18:35:16+00:00,119.09274050134674,S2
2019-09-11 18:45:12+00:00,123.26774023561161,S2
2019-09-16 18:45:13+00:00,133.63131494751647,S2
2019-09-18 18:35:17+00:00,122.4990771409196,S2
2019-09-20 18:08:10+00:00,141.4694420904083,L7
2019-09-21 18:45:14+00:00,132.55797610180124,S2
2019-09-23 18:35:17+00:00,122.4858617157207,S2
2019-10-01 18:45:15+00:00,124.01466311284237,S2
2019-10-03 18:35:18+00:00,121.64133993031926,S2
2019-10-06 18:45:14+00:00,128.16709979082958,L7
2019-10-06 18:45:14+00:00,137.20859781760794,S2
2019-10-11 18:45:16+00:00,122.90925919483823,S2
2019-10-13 18:35:18+00:00,127.60678503243591,S2
2019-10-14 18:22:56+00:00,132.2862883985798,L8
2019-10-16 18:45:15+00:00,131.9397889083529,S2
2019-10-18 18:35:20+00:00,120.78863272455064,S2
2019-10-21 18:45:17+00:00,121.92865873846092,S2
2019-10-22 18:06:50+00:00,118.21129489844606,L7
2019-10-23 18:35:18+00:00,118.22898287907329,S2
2019-10-30 18:22:56+00:00,120.40479686751502,L8
2019-10-31 18:45:17+00:00,137.2293525184678,S2
2019-11-10 18:45:16+00:00,122.94058191814506,S2
2019-11-12 18:35:16+00:00,123.89119542116504,S2
2019-11-15 18:45:12+00:00,130.30676023502383,L8
2019-11-15 18:45:12+00:00,138.38830183648983,S2
2019-11-17 18:35:18+00:00,116.708958050787,S2
2019-11-22 18:35:14+00:00,110.16298450774276,S2
2019-11-23 18:05:22+00:00,118.64473168963512,L7
2019-12-02 18:35:11+00:00,93.5848154179409,S2
2019-12-05 18:45:07+00:00,115.91913883505016,S2
2019-12-09 18:04:35+00:00,101.60778604026709,L7
2019-12-12 18:35:11+00:00,97.28518356631787,S2
2019-12-15 18:45:08+00:00,96.08447417691698,S2
2019-12-20 18:45:07+00:00,116.58417038221518,S2
2019-12-27 18:35:11+00:00,,S2
2020-01-01 18:35:12+00:00,91.23870877302399,S2
2020-01-02 18:22:45+00:00,,L8
2020-01-04 18:45:08+00:00,95.90317557616756,S2
2020-01-06 18:35:11+00:00,89.57261506324161,S2
2020-01-10 18:02:56+00:00,86.9126951441164,L7
2020-01-11 18:35:11+00:00,89.24406034733997,S2
2020-01-14 18:45:08+00:00,98.99704038124737,S2
2020-01-18 18:22:42+00:00,102.03403339272292,L8
2020-01-29 18:45:06+00:00,91.75426132227011,S2
2020-02-08 18:45:06+00:00,92.5467231158855,S2
2020-02-11 18:01:21+00:00,90.81038097672172,L7
2020-02-13 18:45:08+00:00,103.67420436079219,S2
2020-02-15 18:35:10+00:00,114.03032383658771,S2
2020-02-25 18:35:12+00:00,95.69392456192246,S2
2020-03-04 18:45:11+00:00,113.92568954452133,S2
2020-03-06 18:35:13+00:00,99.44120905778392,S2
2020-03-09 18:45:09+00:00,95.82181142129862,S2
2020-03-11 18:35:15+00:00,90.4550628908304,S2
2020-03-21 18:35:15+00:00,102.93263304623677,S2
2020-03-22 18:22:20+00:00,96.96590385099172,L8
2020-03-24 18:45:11+00:00,108.42303189459125,S2
2020-03-29 18:45:09+00:00,122.8982052015849,S2
2020-03-30 17:58:44+00:00,121.22659231570113,L7
2020-04-03 18:45:11+00:00,115.7136693796551,S2
2020-04-15 18:35:17+00:00,114.23617278865612,L7
2020-04-15 18:35:17+00:00,,S2
2020-04-23 18:45:08+00:00,99.88072782727097,L8
2020-04-23 18:45:08+00:00,113.58872747194324,S2
2020-04-25 18:35:19+00:00,111.95334215267182,S2
2020-05-05 18:35:21+00:00,104.99809121291838,S2
2020-05-15 18:35:22+00:00,106.91443626700391,S2
2020-05-20 18:35:17+00:00,102.38016951263953,S2
2020-06-09 18:35:19+00:00,105.1067848889723,S2
2020-06-10 18:22:09+00:00,113.23864148515482,L8
2020-06-14 18:35:23+00:00,114.11585505890237,S2
2020-07-04 18:35:22+00:00,101.02462707228673,L7
2020-07-04 18:35:22+00:00,108.83032732980767,S2
2020-07-09 18:35:19+00:00,111.01578364546234,S2
2020-07-12 18:45:15+00:00,129.47982206371913,S2
2020-07-14 18:35:21+00:00,114.54013396784941,S2
2020-07-24 18:35:22+00:00,128.50449493485723,S2
2020-08-05 17:51:05+00:00,123.91435237047445,L7
2020-08-08 18:35:20+00:00,125.06573012031845,S2
2020-08-13 18:35:23+00:00,124.72623168290266,L8
2020-08-13 18:35:23+00:00,122.95047005165448,S2
2020-08-16 18:45:19+00:00,121.68630391823756,S2
2020-08-21 18:45:17+00:00,113.2850098699663,L7
2020-08-28 18:35:20+00:00,117.05002339434058,S2
2020-08-29 18:22:41+00:00,117.91964511255011,L8
2020-09-05 18:45:18+00:00,114.87828248451298,S2
2020-09-06 17:49:01+00:00,112.89238419728461,L7
2020-09-14 18:22:47+00:00,119.9275577725686,L8
2020-09-15 18:45:18+00:00,119.66680971118431,S2
2020-09-20 18:45:15+00:00,120.38127746953512,S2
2020-09-25 18:45:19+00:00,119.16439379702086,S2
2020-09-30 18:45:17+00:00,121.21307255802593,L8
2020-09-30 18:45:17+00:00,120.21098610028152,S2
2020-10-02 18:35:23+00:00,109.20086027883441,S2
2020-10-07 18:35:21+00:00,116.19443572272203,S2
2020-10-12 18:35:23+00:00,119.39844353161955,S2
2020-10-15 18:45:19+00:00,116.48015304045202,S2
2020-10-16 18:22:53+00:00,110.482615063043,L8
2020-10-20 18:45:17+00:00,125.4764261226471,S2
2020-11-11 18:35:21+00:00,113.48587836038257,S2
2020-11-14 18:45:17+00:00,106.2303258885785,S2
2020-11-17 18:22:51+00:00,113.28411433195708,L8
2020-11-19 18:45:14+00:00,115.24052121275432,S2
2020-11-24 18:45:15+00:00,113.61291216171661,S2
2020-11-25 17:43:41+00:00,128.7181461272149,L7
2020-11-26 18:35:17+00:00,97.88984319748326,S2
2020-11-29 18:45:13+00:00,121.74591621151878,S2
2020-12-01 18:35:16+00:00,103.95587542566523,S2
2020-12-03 18:22:54+00:00,108.73499309220229,L8
2020-12-04 18:45:12+00:00,110.5643749384946,S2
2020-12-06 18:35:15+00:00,110.85324495801608,S2
2020-12-09 18:45:11+00:00,96.2691542089366,S2
2020-12-11 18:35:14+00:00,100.36101051333704,S2
2020-12-16 18:35:13+00:00,91.26044369124207,S2
2020-12-19 18:45:10+00:00,,L8
2020-12-19 18:45:10+00:00,108.7873779389648,S2
2020-12-21 18:35:16+00:00,105.20154040000165,S2
2020-12-26 18:35:14+00:00,102.05220105253231,S2
2020-12-29 18:45:11+00:00,85.31058966288927,S2
2021-01-03 18:45:14+00:00,94.57007794628353,S2
2021-01-04 18:22:48+00:00,96.61443100180867,L8
2021-01-08 18:45:13+00:00,93.89034554217018,S2
2021-01-10 18:35:18+00:00,82.78564797466952,S2
2021-01-12 17:40:13+00:00,,L7
2021-01-13 18:45:14+00:00,77.52711154734038,S2
2021-01-15 18:35:17+00:00,83.77552414300683,S2
2021-01-28 18:45:13+00:00,,S2
2021-01-30 18:35:17+00:00,84.94145916268003,S2
2021-02-05 18:22:40+00:00,89.7754522352134,L8
2021-02-17 18:45:11+00:00,88.47394916991712,S2
2021-02-19 18:35:16+00:00,95.03887069989008,S2
2021-02-21 18:22:35+00:00,87.93282344877976,L8
2021-02-22 18:45:13+00:00,100.49596173523835,S2
2021-02-24 18:35:15+00:00,83.17453894904287,S2
2021-02-27 18:45:12+00:00,75.45593744353378,S2
2021-03-01 18:35:17+00:00,89.16411761057459,L7
2021-03-01 18:35:17+00:00,86.65714191773701,S2
2021-03-04 18:45:13+00:00,90.51528616709703,S2
2021-03-06 18:35:16+00:00,76.07695794872589,S2
2021-03-11 18:35:17+00:00,70.99893567330817,S2
2021-03-16 18:35:16+00:00,75.01251438800429,S2
2021-03-17 17:35:24+00:00,93.02366921779303,L7
2021-03-19 18:45:13+00:00,99.25025083307668,S2
2021-03-21 18:35:16+00:00,82.20579466339909,S2
2021-03-24 18:45:12+00:00,94.49943241043577,S2
2021-03-29 18:45:12+00:00,94.22459695647194,S2
2021-03-31 18:35:14+00:00,96.13078972732491,S2
2021-04-02 17:34:06+00:00,99.16297137133897,L7
2021-04-05 18:35:14+00:00,93.50936143540999,S2
2021-04-08 18:45:11+00:00,89.35481802923283,S2
2021-04-10 18:35:12+00:00,72.09088940665373,L8
2021-04-10 18:35:12+00:00,87.98184143407815,S2
2021-04-20 18:35:12+00:00,104.8603636062034,S2
2021-04-28 18:45:09+00:00,91.59463096736376,S2
2021-04-30 18:35:15+00:00,108.94705503780713,S2
2021-05-25 18:35:17+00:00,103.88528109342354,S2
2021-05-28 18:45:14+00:00,94.30445938861281,L8
2021-06-05 17:28:42+00:00,102.29309643108982,L7
2021-06-13 18:22:22+00:00,95.09079667272354,L8
2021-07-14 18:35:19+00:00,103.6609432644445,S2
2021-07-19 18:35:20+00:00,102.61342889445345,S2
2021-08-08 18:35:20+00:00,107.72337903347649,S2
2021-08-13 18:35:17+00:00,116.74469180495596,S2
2021-08-23 18:35:16+00:00,110.94958613444626,S2
2021-08-24 17:21:53+00:00,115.25611928889724,L7
2021-08-26 18:45:11+00:00,118.08770329309358,S2
2021-09-02 18:35:13+00:00,109.96811305540288,S2
2021-09-05 18:45:10+00:00,107.32862157772388,S2
2021-09-07 18:35:17+00:00,108.75091926269802,S2
2021-09-12 18:35:13+00:00,113.54104563910202,S2
2021-09-15 18:45:09+00:00,108.64287828220687,S2
2021-09-17 18:35:19+00:00,102.84724132051089,L8
2021-09-17 18:35:19+00:00,116.23386929492423,S2
2021-09-20 18:45:16+00:00,108.02683533453978,S2
2021-09-22 18:35:15+00:00,114.93700543102798,S2
2021-09-30 18:45:18+00:00,105.50663753613493,S2
2021-10-10 18:45:19+00:00,112.91582797622462,S2
2021-10-12 18:35:18+00:00,101.38031576022593,S2
2021-10-15 18:45:15+00:00,113.73747085167301,S2
2021-10-17 18:35:22+00:00,117.19085823075847,S2
2021-10-19 18:22:59+00:00,90.49044814076045,L8
2021-10-20 18:45:19+00:00,110.42936660221345,S2
2021-10-27 18:35:22+00:00,96.5837708910588,L7
2021-10-30 18:45:18+00:00,101.49069801181754,S2
2021-11-09 18:45:16+00:00,101.18735807538691,S2
2021-11-11 18:35:16+00:00,106.66784504704947,S2
2021-11-12 17:14:41+00:00,,L7
2021-11-14 18:45:12+00:00,108.93794008479193,S2
2021-11-21 18:35:14+00:00,112.01126168743434,S2
2021-11-26 18:35:17+00:00,106.75425284893355,S2
2021-11-28 17:13:08+00:00,104.29005502722721,L7
2021-11-29 18:45:13+00:00,102.41702910369835,S2
2021-12-11 18:35:11+00:00,115.7115401162483,S2
2021-12-16 18:35:17+00:00,99.28286439739612,S2
2021-12-19 18:45:14+00:00,98.55559919137836,S2
2021-12-30 18:22:50+00:00,,L7
2022-01-05 18:35:18+00:00,106.7284455554752,S2
2022-01-07 18:22:47+00:00,106.32349774988327,L8
2022-01-20 18:35:12+00:00,103.34387792248177,S2
2022-01-23 18:45:08+00:00,104.02470788228494,L8
2022-01-23 18:45:08+00:00,111.03711632467119,S2
2022-01-30 18:35:11+00:00,100.2928721148008,S2
2022-02-02 18:45:08+00:00,100.65316353654173,S2
2022-02-04 18:35:17+00:00,107.58418021849722,S2
2022-02-07 18:45:13+00:00,105.75035483329003,S2
2022-02-08 18:22:40+00:00,100.7836015692178,L8
2022-02-09 18:35:11+00:00,110.04834857189428,S2
2022-02-12 18:45:08+00:00,113.54786651388524,S2
2022-02-14 18:35:17+00:00,105.24299876828931,S2
2022-02-16 18:22:44+00:00,,L7
2022-02-16 18:22:44+00:00,101.61131191101218,L9
2022-02-17 18:45:15+00:00,102.14723298930332,S2
2022-02-19 18:35:11+00:00,108.5913049368292,S2
2022-02-24 18:35:20+00:00,117.78002169012666,L8
2022-02-24 18:35:20+00:00,115.65701083328057,S2
2022-03-01 18:35:14+00:00,98.85991573786897,S2
2022-03-04 18:45:11+00:00,,L7
2022-03-09 18:45:17+00:00,116.7425293219944,S2
2022-03-11 18:35:15+00:00,112.3011629880588,S2
2022-03-12 18:22:30+00:00,109.43626506789624,L8
2022-03-14 18:45:12+00:00,104.26581361275532,S2
2022-03-16 18:35:21+00:00,104.147553684389,S2
2022-03-29 18:45:16+00:00,95.04159878791606,S2
2022-04-08 18:45:14+00:00,116.14649178304424,S2
2022-04-13 18:45:10+00:00,85.3072212474647,L8
2022-04-13 18:45:10+00:00,95.45878715647308,S2
2022-04-15 18:35:20+00:00,99.83923279770084,S2
2022-04-18 18:45:17+00:00,108.99795137852345,S2
2022-04-20 18:35:12+00:00,112.49529907878315,S2
2022-04-21 18:22:18+00:00,104.355427411541,L9
2022-04-25 18:35:25+00:00,108.38228080789926,S2
2022-04-29 18:22:19+00:00,98.22849038183327,L8
2022-04-30 18:35:11+00:00,105.65649479044622,S2
2022-05-05 18:35:22+00:00,107.36306257095097,S2
2022-05-07 18:22:14+00:00,98.85694722598673,L9
2022-05-10 18:35:14+00:00,105.52780829122555,S2
2022-05-13 18:45:12+00:00,84.18643105478426,L7
2022-05-30 18:35:17+00:00,101.47809098996028,L7
2022-05-30 18:35:17+00:00,102.54437172959011,S2
2022-05-31 18:22:32+00:00,98.62023402017621,L8
2022-06-14 18:35:27+00:00,107.04171211658162,S2
2022-06-29 18:35:22+00:00,120.23572894954025,S2
2022-07-03 16:53:28+00:00,,L7
2022-07-04 18:35:30+00:00,118.92493537020725,S2
2022-07-18 18:22:48+00:00,122.64908793084807,L8
2022-07-20 16:52:14+00:00,,L7
2022-07-24 18:35:27+00:00,121.46066716416075,S2
2022-08-03 18:35:28+00:00,128.38337502849205,L8
2022-08-03 18:35:28+00:00,122.14758823255265,S2
2022-08-11 18:45:17+00:00,129.59946564337235,L9
2022-08-16 18:45:26+00:00,115.09181501272805,S2
2022-08-18 18:35:19+00:00,124.24893355166394,S2
2022-08-19 18:23:05+00:00,120.50673362318138,L8
2022-08-31 18:45:14+00:00,134.72932014390753,S2
2022-09-02 18:35:29+00:00,130.85974740732632,S2
2022-09-05 18:45:25+00:00,118.93311080326272,S2
2022-09-07 18:35:19+00:00,120.01325142025559,S2
2022-09-15 18:45:23+00:00,117.49423670761756,S2
2022-09-20 18:45:15+00:00,112.87995911618168,L8
2022-09-20 18:45:15+00:00,116.81266209578374,S2
2022-09-22 18:35:24+00:00,122.22564295756844,S2
2022-09-25 18:45:21+00:00,125.47822597503944,S2
2022-09-26 16:45:54+00:00,129.27257564473157,L7
2022-09-27 18:35:17+00:00,125.17225658696559,S2
2022-10-17 18:35:16+00:00,127.3949114388945,S2
2022-10-20 18:45:13+00:00,120.3288309950318,S2
2022-10-25 18:45:16+00:00,121.7347584555565,S2
2022-10-27 18:35:16+00:00,119.93159570389749,S2
2022-10-30 18:45:12+00:00,140.17296061258398,L9
2022-10-30 18:45:12+00:00,132.44311031553204,S2
