dates,260,satname
1984-06-15 10:22:41+00:00,,L5
1984-07-26 10:17:18+00:00,,L5
1984-09-12 10:18:18+00:00,,L5
1984-10-30 10:18:11+00:00,,L5
1984-11-06 10:24:19+00:00,,L5
1984-12-08 10:24:23+00:00,,L5
1985-02-19 10:18:38+00:00,,L5
1985-02-26 10:24:49+00:00,,L5
1985-08-21 10:23:58+00:00,,L5
1985-10-17 10:17:08+00:00,,L5
1986-05-29 10:12:28+00:00,76.87480866137166,L5
1986-06-14 10:11:58+00:00,84.26476909405989,L5
1986-07-16 10:10:55+00:00,74.90793820961852,L5
1986-10-04 10:08:09+00:00,,L5
1987-02-16 10:14:59+00:00,,L5
1987-05-07 10:17:59+00:00,86.48018456703373,L5
1987-07-03 10:13:08+00:00,89.1423806701885,L5
1987-07-10 10:19:27+00:00,,L5
1987-08-20 10:14:23+00:00,,L5
1987-08-27 10:20:46+00:00,,L5
1987-09-12 10:21:10+00:00,,L5
1987-09-28 10:21:31+00:00,,L5
1988-02-19 10:24:03+00:00,,L5
1988-05-02 10:18:26+00:00,,L5
1988-06-19 10:18:48+00:00,,L5
1988-07-12 10:25:04+00:00,,L5
1988-08-06 10:18:55+00:00,76.63028280207844,L5
1988-09-07 10:18:59+00:00,,L5
1988-11-10 10:18:48+00:00,,L5
1988-11-26 10:18:49+00:00,,L5
1989-01-13 10:18:22+00:00,,L5
1989-01-29 10:18:12+00:00,110.30261949910566,L5
1989-07-15 10:21:46+00:00,,L5
1989-08-09 10:15:03+00:00,102.31970404317661,L5
1989-09-17 10:20:11+00:00,,L5
1989-09-26 10:13:56+00:00,,L5
1989-10-12 10:13:30+00:00,,L5
1989-11-13 10:12:28+00:00,,L5
1989-12-31 10:11:10+00:00,,L5
1990-02-17 10:09:38+00:00,50.554797126400494,L5
1990-03-05 10:09:05+00:00,51.0076484311278,L5
1990-03-21 10:08:31+00:00,67.40286319925804,L5
1990-04-06 10:08:15+00:00,,L5
1990-04-29 10:14:30+00:00,,L5
1990-05-31 10:14:34+00:00,88.0000133142311,L5
1990-06-25 10:08:22+00:00,,L5
1990-07-11 10:08:20+00:00,,L5
1990-08-03 10:14:23+00:00,,L5
1990-08-28 10:08:05+00:00,101.13404602556821,L5
1990-09-13 10:08:04+00:00,83.64495565268194,L5
1990-12-02 10:07:23+00:00,,L5
1991-01-19 10:08:34+00:00,,L5
1991-03-31 10:15:58+00:00,,L5
1991-05-11 10:10:35+00:00,,L5
1991-11-10 10:18:34+00:00,,L5
1992-02-23 10:12:22+00:00,,L5
1992-03-01 10:18:32+00:00,,L5
1992-03-10 10:12:23+00:00,,L5
1992-04-11 10:12:11+00:00,100.58210373811704,L5
1992-05-13 10:11:55+00:00,120.56901790502576,L5
1992-07-23 10:17:16+00:00,105.87154803937818,L5
1992-08-08 10:17:05+00:00,134.8014062703549,L5
1992-08-17 10:10:44+00:00,,L5
1992-09-02 10:10:29+00:00,,L5
1993-02-25 10:10:10+00:00,,L5
1993-03-13 10:10:22+00:00,,L5
1993-06-01 10:10:44+00:00,111.00373715019714,L5
1993-08-20 10:10:35+00:00,,L5
1993-11-15 10:16:20+00:00,,L5
1994-02-28 10:09:02+00:00,,L5
1994-03-23 10:14:53+00:00,87.69555759057567,L5
1994-06-27 10:13:01+00:00,,L5
1994-07-22 10:06:09+00:00,,L5
1994-07-29 10:12:08+00:00,82.5467551612391,L5
1995-02-22 10:05:27+00:00,,L5
1995-04-11 10:03:29+00:00,76.34743006408883,L5
1995-06-07 09:54:44+00:00,80.16035794262513,L5
1995-06-23 09:54:02+00:00,83.10371853978253,L5
1995-07-16 09:59:10+00:00,,L5
1995-07-25 09:52:33+00:00,,L5
1996-02-25 10:00:30+00:00,75.92012509782882,L5
1996-03-28 10:02:35+00:00,97.06282378909901,L5
1996-04-06 09:56:58+00:00,,L5
1996-05-15 10:05:28+00:00,,L5
1996-06-16 10:07:15+00:00,,L5
1996-07-18 10:08:56+00:00,,L5
1996-08-03 10:09:47+00:00,,L5
1996-09-04 10:11:30+00:00,129.10172497423991,L5
1996-09-13 10:05:49+00:00,,L5
1996-09-29 10:06:41+00:00,,L5
1997-03-31 10:21:10+00:00,140.06027697832675,L5
1997-04-09 10:15:18+00:00,,L5
1997-04-16 10:21:44+00:00,164.17782867367424,L5
1997-04-25 10:15:52+00:00,,L5
1997-05-02 10:22:18+00:00,135.5752434254321,L5
1997-05-27 10:16:59+00:00,,L5
1997-07-14 10:18:39+00:00,144.00812944739877,L5
1997-07-21 10:25:04+00:00,,L5
1997-07-30 10:19:11+00:00,176.63583104253863,L5
1997-08-22 10:26:05+00:00,,L5
1997-09-07 10:26:33+00:00,,L5
1997-09-16 10:20:37+00:00,,L5
1997-09-23 10:27:01+00:00,143.1527838974759,L5
1997-10-02 10:21:06+00:00,,L5
1997-10-18 10:21:32+00:00,,L5
1997-11-03 10:21:58+00:00,,L5
1998-01-29 10:30:10+00:00,,L5
1998-03-18 10:31:02+00:00,,L5
1998-03-27 10:24:57+00:00,,L5
1998-05-14 10:25:37+00:00,,L5
1998-09-19 10:27:00+00:00,,L5
1998-10-21 10:27:02+00:00,,L5
1998-11-06 10:27:08+00:00,,L5
1998-11-22 10:27:14+00:00,,L5
1999-03-30 10:26:54+00:00,,L5
1999-05-01 10:26:53+00:00,,L5
1999-05-08 10:33:00+00:00,95.6142961360586,L5
1999-06-18 10:26:09+00:00,,L5
1999-06-25 10:32:15+00:00,121.38182112183249,L5
1999-07-11 10:32:07+00:00,,L5
1999-07-19 10:47:10+00:00,,L7
1999-08-21 10:25:42+00:00,111.1896078364651,L5
1999-08-29 10:41:09+00:00,,L7
1999-09-05 10:47:18+00:00,99.86510734436459,L7
1999-09-06 10:25:11+00:00,117.12194002023466,L5
1999-10-08 10:24:50+00:00,,L5
2000-01-20 10:40:59+00:00,,L7
2000-02-05 10:40:58+00:00,,L7
2000-02-12 10:47:07+00:00,,L7
2000-02-21 10:40:50+00:00,,L7
2000-03-08 10:40:45+00:00,,L7
2000-03-15 10:46:56+00:00,101.87471549719605,L7
2000-05-02 10:46:39+00:00,,L7
2000-06-19 10:46:12+00:00,,L7
2000-07-05 10:45:59+00:00,,L7
2000-07-21 10:45:44+00:00,,L7
2000-07-30 10:39:23+00:00,,L7
2000-08-22 10:45:23+00:00,,L7
2000-09-08 10:26:22+00:00,134.23521083134187,L5
2000-09-15 10:32:36+00:00,,L5
2000-09-23 10:44:50+00:00,118.51471455570584,L7
2000-12-21 10:38:38+00:00,79.85572265242551,L7
2001-04-19 10:44:29+00:00,111.16323317888464,L7
2001-04-20 10:28:11+00:00,,L5
2001-05-14 10:38:05+00:00,,L7
2001-05-21 10:44:13+00:00,,L7
2001-05-29 10:34:41+00:00,,L5
2001-05-30 10:37:58+00:00,100.20391002101715,L7
2001-06-14 10:34:43+00:00,102.79271801842626,L5
2001-06-22 10:43:49+00:00,,L7
2001-07-01 10:37:33+00:00,,L7
2001-07-24 10:43:38+00:00,,L7
2001-07-25 10:28:30+00:00,,L5
2001-08-17 10:34:41+00:00,,L5
2001-09-11 10:28:20+00:00,,L5
2001-10-12 10:42:31+00:00,103.87575852891396,L7
2001-12-08 10:36:46+00:00,121.85555327742031,L7
2001-12-24 10:36:53+00:00,125.65075795565707,L7
2001-12-31 10:42:57+00:00,,L7
2002-01-25 10:37:03+00:00,96.77633519637793,L7
2002-02-01 10:43:12+00:00,,L7
2002-03-14 10:37:04+00:00,,L7
2002-04-22 10:43:08+00:00,105.39590270287184,L7
2002-06-17 10:30:30+00:00,,L5
2002-06-25 10:42:49+00:00,,L7
2002-06-26 10:24:10+00:00,,L5
2002-07-11 10:42:46+00:00,,L7
2002-07-27 10:42:38+00:00,,L7
2002-09-06 10:36:11+00:00,,L7
2002-09-13 10:42:16+00:00,112.8875824361244,L7
2002-09-22 10:35:58+00:00,,L7
2002-09-29 10:42:07+00:00,,L7
2003-01-12 10:36:35+00:00,114.88855256373986,L7
2003-02-13 10:36:52+00:00,84.67187381572961,L7
2003-03-17 10:36:55+00:00,,L7
2003-03-24 10:43:01+00:00,,L7
2003-04-25 10:43:07+00:00,135.3614192234358,L7
2003-07-06 10:30:38+00:00,134.07902845249964,L5
2003-07-31 10:24:54+00:00,,L5
2003-08-07 10:31:12+00:00,116.51215222961577,L5
2003-08-24 10:36:35+00:00,109.27331275744515,L7
2003-09-17 10:25:45+00:00,,L5
2003-09-24 10:32:01+00:00,,L5
2004-03-02 10:33:23+00:00,146.50945826383267,L5
2004-03-26 10:43:40+00:00,,L7
2004-06-06 10:35:33+00:00,,L5
2004-06-30 10:43:24+00:00,123.3789229680575,L7
2004-07-16 10:43:21+00:00,,L7
2004-07-25 10:37:06+00:00,100.13951732451827,L7
2004-09-03 10:31:44+00:00,,L5
2004-09-18 10:43:00+00:00,,L7
2004-10-29 10:37:02+00:00,,L7
2004-11-22 10:33:23+00:00,123.52490969746114,L5
2004-12-07 10:43:32+00:00,97.66401319556253,L7
2005-05-01 10:35:24+00:00,104.67083038501096,L5
2005-05-17 10:35:30+00:00,110.00795090438885,L5
2005-06-01 10:43:56+00:00,113.77330832400561,L7
2005-06-02 10:35:38+00:00,123.31040480493725,L5
2005-06-18 10:35:45+00:00,128.34516740676116,L5
2005-07-20 10:36:01+00:00,,L5
2005-08-21 10:36:16+00:00,,L5
2005-10-16 10:37:20+00:00,,L7
2005-11-01 10:37:33+00:00,,L7
2005-12-10 10:43:59+00:00,,L7
2006-02-05 10:38:13+00:00,,L7
2006-02-12 10:44:26+00:00,,L7
2006-05-27 10:46:38+00:00,,L5
2006-06-04 10:44:25+00:00,164.0080514873938,L7
2006-06-13 10:38:12+00:00,,L7
2006-07-14 10:47:25+00:00,,L5
2006-07-15 10:37:59+00:00,,L7
2006-07-23 10:41:21+00:00,,L5
2006-08-31 10:47:59+00:00,,L5
2006-09-01 10:37:49+00:00,135.7382891430707,L7
2006-09-09 10:41:55+00:00,,L5
2006-10-27 10:42:28+00:00,,L5
2006-11-03 10:48:43+00:00,167.90334606404252,L5
2006-12-13 10:44:32+00:00,,L7
2007-03-11 10:49:21+00:00,,L5
2007-03-12 10:38:43+00:00,110.69068021394841,L7
2007-04-20 10:44:52+00:00,,L7
2007-05-06 10:44:48+00:00,,L7
2007-05-23 10:42:36+00:00,108.7174792113089,L5
2007-07-26 10:41:46+00:00,111.44664828373408,L5
2007-08-11 10:41:36+00:00,,L5
2007-09-03 10:47:32+00:00,,L5
2007-09-12 10:41:18+00:00,,L5
2007-09-20 10:37:59+00:00,113.8157632399145,L7
2007-10-13 10:44:08+00:00,,L7
2007-12-16 10:44:41+00:00,,L7
2008-09-29 10:43:09+00:00,,L7
2009-01-03 10:44:00+00:00,,L7
2009-02-20 10:44:20+00:00,114.79746110408215,L7
2009-03-09 10:34:36+00:00,,L5
2009-03-17 10:38:22+00:00,,L7
2009-06-12 10:44:49+00:00,,L7
2009-06-20 10:42:48+00:00,112.79956192559007,L5
2009-06-21 10:38:37+00:00,,L7
2009-06-28 10:44:46+00:00,,L7
2009-06-29 10:36:46+00:00,115.23043788501968,L5
2009-07-15 10:37:02+00:00,109.1100918945781,L5
2009-08-15 10:44:33+00:00,,L7
2009-08-31 10:44:33+00:00,103.713520361897,L7
2009-09-24 10:44:15+00:00,,L5
2009-09-25 10:38:20+00:00,,L7
2009-10-27 10:38:32+00:00,,L7
2010-03-12 10:39:09+00:00,,L5
2010-04-12 10:46:36+00:00,,L7
2010-05-22 10:45:08+00:00,114.3124784634425,L5
2010-05-23 10:40:19+00:00,103.92578761744457,L7
2010-06-23 10:44:58+00:00,141.07841583663944,L5
2010-06-24 10:40:22+00:00,,L7
2010-07-10 10:40:25+00:00,,L7
2010-07-26 10:40:25+00:00,,L7
2010-08-03 10:38:36+00:00,126.83328851541592,L5
2010-09-03 10:46:39+00:00,,L7
2010-09-19 10:46:40+00:00,132.5015296579599,L7
2010-09-20 10:38:22+00:00,,L5
2010-10-14 10:40:34+00:00,,L7
2010-10-30 10:40:43+00:00,107.55140229463687,L7
2010-12-09 10:38:00+00:00,,L5
2010-12-25 10:38:06+00:00,,L5
2011-01-10 10:38:08+00:00,,L5
2011-02-11 10:38:10+00:00,88.05429732012766,L5
2011-02-18 10:44:21+00:00,,L5
2011-03-23 10:41:45+00:00,,L7
2011-04-08 10:41:49+00:00,,L7
2011-04-15 10:47:59+00:00,103.41544477089704,L7
2011-04-16 10:37:56+00:00,,L5
2011-05-09 10:43:58+00:00,,L5
2011-05-17 10:47:56+00:00,,L7
2011-05-25 10:43:54+00:00,139.97704733109362,L5
2011-07-28 10:43:23+00:00,,L5
2011-08-29 10:43:06+00:00,,L5
2011-08-30 10:41:34+00:00,,L7
2011-09-14 10:42:54+00:00,,L5
2011-09-23 10:36:34+00:00,107.86844363375239,L5
2011-09-30 10:42:36+00:00,,L5
2011-10-01 10:41:27+00:00,,L7
2011-10-16 10:42:23+00:00,,L5
2011-10-17 10:41:30+00:00,,L7
2011-11-01 10:42:11+00:00,,L5
2011-11-09 10:47:53+00:00,,L7
2011-11-18 10:41:49+00:00,119.58339207961416,L7
2011-12-27 10:48:20+00:00,,L7
2012-02-22 10:42:20+00:00,,L7
2012-02-29 10:48:30+00:00,,L7
2012-04-01 10:48:29+00:00,165.71248132356033,L7
2012-08-16 10:43:21+00:00,,L7
2012-09-08 10:49:46+00:00,,L7
2012-11-11 10:50:17+00:00,,L7
2012-12-06 10:44:11+00:00,,L7
2013-02-15 10:50:35+00:00,,L7
2013-03-03 10:50:31+00:00,,L7
2013-06-16 10:43:51+00:00,,L7
2013-07-01 10:56:21+00:00,123.4466267213999,L8
2013-07-09 10:49:47+00:00,,L7
2013-08-02 10:56:23+00:00,119.5695225555622,L8
2013-08-18 10:56:24+00:00,112.25566106331482,L8
2013-08-19 10:43:32+00:00,,L7
2013-08-27 10:50:15+00:00,,L8
2013-09-03 10:56:25+00:00,,L8
2013-10-29 10:50:27+00:00,90.39483379666086,L7
2013-10-30 10:49:55+00:00,91.73488277739628,L8
2013-12-08 10:55:59+00:00,,L8
2013-12-09 10:44:33+00:00,121.11314357416639,L7
2013-12-16 10:50:42+00:00,,L7
2014-01-02 10:49:35+00:00,,L8
2014-01-10 10:44:39+00:00,86.21998123363451,L7
2014-01-17 10:51:00+00:00,,L7
2014-02-02 10:51:16+00:00,,L7
2014-03-06 10:51:10+00:00,,L7
2014-03-07 10:48:46+00:00,,L8
2014-03-14 10:54:54+00:00,,L8
2014-04-08 10:48:19+00:00,80.14045529913027,L8
2014-05-18 10:45:33+00:00,,L7
2014-06-02 10:54:00+00:00,,L8
2014-06-19 10:45:36+00:00,85.88047773428761,L7
2014-08-05 10:54:23+00:00,103.42072519696231,L8
2014-08-21 10:54:27+00:00,111.05076006668224,L8
2014-08-22 10:45:49+00:00,117.46246455200901,L7
2014-08-30 10:48:17+00:00,,L8
2014-09-07 10:45:51+00:00,,L7
2014-09-14 10:52:02+00:00,,L7
2014-09-15 10:48:20+00:00,,L8
2014-09-22 10:54:28+00:00,,L8
2014-09-23 10:45:57+00:00,,L7
2014-09-30 10:52:14+00:00,,L7
2014-10-01 10:48:22+00:00,,L8
2014-10-17 10:48:26+00:00,72.28374156390132,L8
2014-10-24 10:54:36+00:00,,L8
2014-11-18 10:48:23+00:00,73.64744964680364,L8
2014-12-28 10:46:43+00:00,93.60340116780137,L7
2015-01-12 10:54:25+00:00,,L8
2015-02-13 10:54:11+00:00,107.68448571411912,L8
2015-03-17 10:53:58+00:00,105.15127122442247,L8
2015-05-28 10:53:51+00:00,114.99996964213983,L7
2015-06-22 10:47:48+00:00,,L7
2015-06-29 10:54:01+00:00,,L7
2015-06-30 10:47:35+00:00,,L8
2015-07-07 10:53:51+00:00,,L8
2015-07-15 10:54:07+00:00,,L7
2015-08-25 10:48:03+00:00,106.68244556701309,L7
2015-08-28 11:06:56+00:00,128.21952307012444,S2
2015-09-26 10:48:10+00:00,104.0189281700126,L7
2015-10-20 10:48:15+00:00,,L8
2015-11-16 11:07:36+00:00,,S2
2015-11-28 10:54:32+00:00,,L8
2015-12-07 10:48:19+00:00,108.15700210759819,L8
2015-12-22 10:55:39+00:00,,L7
2015-12-26 11:11:42+00:00,,S2
2015-12-30 10:54:30+00:00,,L8
2016-01-16 10:49:51+00:00,,L7
2016-01-24 10:48:17+00:00,,L8
2016-02-16 10:54:18+00:00,81.00570913085207,L8
2016-03-15 11:01:57+00:00,,S2
2016-03-27 10:56:32+00:00,,L7
2016-04-05 10:50:22+00:00,,L7
2016-04-12 10:56:37+00:00,,L7
2016-05-04 10:59:17+00:00,88.68091687377859,S2
2016-05-04 10:59:17+00:00,88.5704000967862,S2
2016-05-15 10:47:45+00:00,76.42758909711253,L8
2016-05-24 11:07:14+00:00,,S2
2016-06-08 10:50:44+00:00,,L7
2016-07-09 10:54:18+00:00,,L8
2016-07-10 10:50:45+00:00,,L7
2016-07-17 10:56:57+00:00,106.20905672727953,L7
2016-07-18 10:48:10+00:00,,L8
2016-07-26 10:50:48+00:00,,L7
2016-08-02 11:03:07+00:00,,L7
2016-08-02 11:03:07+00:00,,S2
2016-08-03 10:48:13+00:00,,L8
2016-08-10 10:54:24+00:00,,L8
2016-08-11 10:50:49+00:00,105.76893930977575,L7
2016-08-12 11:07:01+00:00,123.16052733044143,S2
2016-08-22 11:05:29+00:00,,S2
2016-08-27 10:50:52+00:00,106.93604715212317,L7
2016-09-01 11:07:08+00:00,,S2
2016-09-11 11:04:38+00:00,110.81869883691704,L8
2016-09-12 10:50:54+00:00,115.35680505662441,L7
2016-09-21 11:06:34+00:00,,S2
2016-10-06 10:48:29+00:00,,L8
2016-10-21 11:03:18+00:00,,S2
2016-10-22 10:48:33+00:00,,L8
2016-10-29 10:54:44+00:00,,L8
2016-10-30 10:50:52+00:00,,L7
2016-11-30 11:04:18+00:00,,L8
2016-11-30 11:04:18+00:00,,S2
2016-12-01 10:50:42+00:00,,L7
2016-12-09 10:48:30+00:00,116.21908945926202,L8
2016-12-10 11:05:19+00:00,113.53691295844845,S2
2016-12-16 10:54:39+00:00,,L8
2016-12-17 10:50:37+00:00,,L7
2017-01-17 10:54:32+00:00,,L8
2017-02-11 10:48:09+00:00,,L8
2017-02-18 11:01:25+00:00,,L8
2017-02-18 11:01:25+00:00,,S2
2017-02-19 10:50:12+00:00,101.7515100500623,L7
2017-03-10 10:59:51+00:00,,S2
2017-03-15 10:47:55+00:00,,L8
2017-04-07 10:53:54+00:00,139.17568461271804,L8
2017-04-08 10:50:29+00:00,,L7
2017-04-09 11:05:29+00:00,,S2
2017-04-09 11:05:29+00:00,,S2
2017-04-19 11:06:01+00:00,141.24992250698313,S2
2017-04-23 10:53:45+00:00,132.55072695015556,L8
2017-04-24 10:50:36+00:00,,L7
2017-04-29 11:05:25+00:00,,S2
2017-05-09 11:05:56+00:00,,S2
2017-05-09 11:05:56+00:00,,S2
2017-05-25 10:53:55+00:00,,L8
2017-06-10 10:54:03+00:00,,L8
2017-06-11 10:50:48+00:00,,L7
2017-06-18 11:04:15+00:00,,L7
2017-06-18 11:04:15+00:00,128.17874082827967,S2
2017-06-19 10:47:56+00:00,114.82087132554562,L8
2017-07-04 10:57:02+00:00,,L7
2017-07-05 10:47:59+00:00,137.2555347416561,L8
2017-07-18 11:04:52+00:00,123.63868437778115,S2
2017-08-02 11:05:22+00:00,119.5340908339084,S2
2017-08-06 10:48:12+00:00,,L8
2017-08-14 10:50:48+00:00,,L7
2017-08-21 10:56:59+00:00,,L7
2017-09-23 10:48:23+00:00,,L8
2017-10-06 10:59:37+00:00,,S2
2017-10-11 11:02:03+00:00,,S2
2017-10-16 11:03:13+00:00,115.95326805238511,L8
2017-10-16 11:03:13+00:00,127.15562583905219,S2
2017-10-17 10:50:50+00:00,115.28767475450903,L7
2017-10-24 10:57:01+00:00,,L7
2017-10-25 10:48:30+00:00,,L8
2017-10-26 11:07:17+00:00,,S2
2017-10-31 11:02:01+00:00,136.4316161001277,S2
2017-11-17 10:54:37+00:00,,L8
2017-11-26 10:48:22+00:00,120.12371702225299,L8
2017-12-12 10:48:21+00:00,92.22047960671946,L8
2018-01-24 11:03:32+00:00,,S2
2018-01-24 11:03:32+00:00,,S2
2018-02-21 10:54:09+00:00,,L8
2018-02-22 10:49:39+00:00,,L7
2018-03-02 10:47:53+00:00,,L8
2018-03-15 11:06:09+00:00,,S2
2018-04-18 10:55:04+00:00,,L7
2018-04-19 11:01:27+00:00,,L8
2018-04-19 11:01:27+00:00,,S2
2018-05-04 11:02:30+00:00,,S2
2018-05-05 10:47:19+00:00,,L8
2018-05-09 11:04:39+00:00,78.25715333823413,S2
2018-05-19 11:03:34+00:00,,S2
2018-05-20 10:54:31+00:00,,L7
2018-05-24 11:00:36+00:00,102.46239587999136,S2
2018-06-22 10:47:10+00:00,98.2139317229458,L8
2018-06-23 11:05:20+00:00,104.12800099360291,S2
2018-06-29 10:53:25+00:00,,L8
2018-06-30 10:47:37+00:00,,L7
2018-07-13 11:05:21+00:00,,S2
2018-07-15 10:53:33+00:00,,L8
2018-07-18 11:03:26+00:00,,S2
2018-07-24 10:47:25+00:00,109.75875993097354,L8
2018-08-01 10:47:01+00:00,,L7
2018-08-02 10:59:38+00:00,,S2
2018-08-16 10:53:49+00:00,,L8
2018-08-17 11:05:14+00:00,,L7
2018-08-17 11:05:14+00:00,,S2
2018-08-22 11:04:18+00:00,106.36077254957335,S2
2018-09-01 10:59:39+00:00,,S2
2018-09-02 10:46:24+00:00,,L7
2018-09-10 10:47:48+00:00,,L8
2018-09-11 11:05:21+00:00,,S2
2018-09-25 10:52:04+00:00,,L7
2018-09-26 11:00:28+00:00,,S2
2018-10-04 10:45:40+00:00,104.85316761269507,L7
2018-10-19 10:54:14+00:00,109.6050679380798,L8
2018-10-20 10:45:17+00:00,113.16117116618821,L7
2018-10-21 11:06:49+00:00,125.61634047520457,S2
2018-11-04 10:54:18+00:00,99.2825368486493,L8
2018-11-15 11:08:45+00:00,121.08323654849055,S2
2019-01-15 10:49:09+00:00,,L7
2019-01-24 11:08:47+00:00,,S2
2019-02-03 11:08:48+00:00,,S2
2019-02-08 11:08:44+00:00,,L8
2019-02-13 11:08:47+00:00,101.6447358421105,S2
2019-02-16 10:48:10+00:00,,L7
2019-02-17 10:47:56+00:00,105.43805169836088,L8
2019-02-23 11:08:46+00:00,,S2
2019-02-24 10:54:05+00:00,,L8
2019-03-05 11:08:45+00:00,,L8
2019-03-05 11:08:45+00:00,,S2
2019-03-20 11:08:45+00:00,,L7
2019-03-20 11:08:45+00:00,,S2
2019-03-25 11:08:48+00:00,,S2
2019-03-28 10:53:56+00:00,123.6268333135072,L8
2019-03-29 10:40:40+00:00,113.53262610287139,L7
2019-03-30 11:08:47+00:00,115.53071806497924,S2
2019-04-09 11:08:49+00:00,,S2
2019-04-13 10:53:51+00:00,104.40599686855887,L8
2019-04-19 11:08:50+00:00,,S2
2019-04-30 10:39:31+00:00,109.65952188671378,L7
2019-05-29 11:08:50+00:00,118.15350796776077,S2
2019-05-31 10:54:06+00:00,125.56652324887891,L8
2019-06-01 10:38:18+00:00,,L7
2019-06-13 11:08:54+00:00,120.23194304945402,S2
2019-07-03 11:08:56+00:00,,S2
2019-07-10 10:43:02+00:00,102.93306560025736,L7
2019-07-11 10:48:08+00:00,107.52148866358577,L8
2019-07-13 11:08:56+00:00,117.52290702601817,S2
2019-07-18 11:08:52+00:00,,L8
2019-07-23 11:08:56+00:00,,S2
2019-07-28 11:08:52+00:00,119.89609812983227,S2
2019-08-02 11:08:55+00:00,,S2
2019-08-03 10:54:27+00:00,,L8
2019-08-12 11:08:54+00:00,119.717542156096,S2
2019-08-17 11:08:50+00:00,,S2
2019-08-20 10:35:11+00:00,,L7
2019-08-22 11:08:52+00:00,,S2
2019-09-04 10:54:35+00:00,,L8
2019-09-11 11:08:48+00:00,136.7601851922185,S2
2019-09-12 10:40:23+00:00,,L7
2019-09-13 10:48:28+00:00,,L8
2019-09-16 11:08:46+00:00,,S2
2019-09-20 10:54:41+00:00,,L8
2019-09-21 11:08:47+00:00,,L7
2019-09-21 11:08:47+00:00,,S2
2019-09-26 11:08:48+00:00,121.84699935950017,S2
2019-09-28 10:39:41+00:00,,L7
2019-09-29 10:48:33+00:00,,L8
2019-10-11 11:08:48+00:00,,S2
2019-10-15 10:48:35+00:00,,L8
2019-12-05 11:08:45+00:00,97.47864803417318,S2
2019-12-05 11:08:45+00:00,96.66411414139412,S2
2019-12-18 10:48:29+00:00,,L8
2019-12-26 10:29:23+00:00,,L7
2019-12-30 11:08:42+00:00,,S2
2020-01-11 10:28:34+00:00,,L7
2020-01-19 11:08:41+00:00,93.52898611166435,L8
2020-01-19 11:08:41+00:00,102.33252717889432,S2
2020-02-03 11:08:39+00:00,,L7
2020-02-03 11:08:39+00:00,104.85926759779336,S2
2020-02-18 11:08:43+00:00,87.16773203512489,S2
2020-02-20 10:48:13+00:00,,L8
2020-03-06 10:31:55+00:00,,L7
2020-03-15 10:25:15+00:00,88.0824336522358,L7
2020-03-19 11:08:45+00:00,95.66331611421819,S2
2020-03-22 10:31:03+00:00,,L7
2020-03-24 11:08:43+00:00,,S2
2020-04-15 10:53:59+00:00,113.23953160530503,L8
2020-05-03 11:08:48+00:00,106.24636441520725,S2
2020-05-17 10:53:48+00:00,145.01170271032606,L8
2020-05-18 11:08:47+00:00,147.23858904643853,L7
2020-05-18 11:08:47+00:00,136.7177952800202,S2
2020-05-26 10:47:39+00:00,,L8
2020-05-28 11:08:48+00:00,,S2
2020-06-22 11:08:53+00:00,,S2
2020-06-27 11:08:50+00:00,,L8
2020-06-27 11:08:50+00:00,,S2
2020-07-05 10:18:40+00:00,,L7
2020-07-07 11:08:49+00:00,,S2
2020-07-13 10:48:04+00:00,,L8
2020-07-20 10:54:17+00:00,,L8
2020-07-21 10:17:41+00:00,,L7
2020-07-27 11:08:50+00:00,,S2
2020-07-29 10:48:08+00:00,120.38966933319702,L8
2020-08-05 10:54:20+00:00,,L8
2020-08-06 11:08:50+00:00,,L7
2020-08-06 11:08:50+00:00,,S2
2020-08-11 11:08:53+00:00,,S2
2020-08-26 11:08:51+00:00,121.88822759379212,S2
2020-09-07 10:14:37+00:00,,L7
2020-09-10 11:08:51+00:00,,S2
2020-09-30 11:08:53+00:00,,L7
2020-09-30 11:08:53+00:00,,S2
2020-10-10 11:08:53+00:00,133.65284413036025,S2
2020-10-17 10:48:32+00:00,,L8
2020-10-30 11:08:52+00:00,,S2
2020-11-04 11:08:50+00:00,,S2
2020-11-17 10:16:07+00:00,,L7
2020-11-18 10:48:30+00:00,,L8
2020-11-25 10:54:43+00:00,92.23326580334862,L8
2020-11-26 10:09:18+00:00,86.20038412484152,L7
2020-11-29 11:08:47+00:00,,S2
2021-01-08 11:08:48+00:00,102.56698448698751,S2
2021-01-18 11:08:48+00:00,,S2
2021-02-14 10:03:29+00:00,,L7
2021-02-17 11:08:46+00:00,,S2
2021-02-27 11:08:47+00:00,,S2
2021-03-01 10:54:22+00:00,,L8
2021-03-04 11:08:46+00:00,,S2
2021-03-17 10:54:12+00:00,,L8
2021-03-24 11:08:46+00:00,110.23617258620175,S2
2021-03-29 11:08:45+00:00,,S2
2021-04-03 11:08:45+00:00,,L7
2021-04-03 11:08:45+00:00,,S2
2021-04-08 11:08:43+00:00,129.29329745299924,S2
2021-04-18 11:08:42+00:00,,L8
2021-04-18 11:08:42+00:00,,S2
2021-04-23 11:08:41+00:00,114.91656106191864,S2
2021-05-03 11:08:44+00:00,120.73698168049293,S2
2021-05-20 10:54:01+00:00,107.74130292518095,L8
2021-06-02 11:08:48+00:00,97.7002054955542,S2
2021-06-05 10:54:09+00:00,107.3640717566284,L8
2021-06-07 11:08:48+00:00,105.11811706554691,S2
2021-06-13 09:59:55+00:00,,L7
2021-06-14 10:48:02+00:00,,L8
2021-07-22 11:08:49+00:00,138.7689292130603,S2
2021-08-08 10:54:29+00:00,,L8
2021-08-11 11:08:48+00:00,,S2
2021-08-25 09:47:28+00:00,,L7
2021-08-26 11:08:49+00:00,,S2
2021-08-31 11:08:44+00:00,141.8250649674045,S2
2021-09-01 09:53:03+00:00,137.11416186380401,L7
2021-09-05 11:08:48+00:00,,S2
2021-09-10 11:08:44+00:00,,L7
2021-09-26 09:44:39+00:00,,L7
2021-09-30 11:08:47+00:00,133.55379189576695,S2
2021-10-10 11:08:48+00:00,,S2
2021-10-11 10:54:47+00:00,,L8
2021-10-12 09:43:15+00:00,127.11235529463814,L7
2021-10-15 11:08:53+00:00,121.67701174460568,S2
2021-10-27 10:54:49+00:00,,L8
2021-10-28 09:41:47+00:00,103.56342994938879,L7
2021-11-05 10:48:37+00:00,,L8
2021-11-09 11:08:47+00:00,,S2
2021-11-12 10:54:45+00:00,112.183576473539,L8
2021-11-20 09:45:46+00:00,,L7
2021-12-14 11:08:47+00:00,92.43196421518944,S2
2021-12-15 10:48:29+00:00,118.79030788975241,L9
2021-12-31 10:48:29+00:00,99.2555844253478,L9
2022-01-13 11:08:48+00:00,105.29975619251465,S2
2022-01-23 11:08:47+00:00,,L9
2022-01-23 11:08:47+00:00,,S2
2022-01-24 10:48:22+00:00,,L8
2022-02-08 10:54:37+00:00,99.73535790531555,L9
2022-03-05 10:48:13+00:00,,L7
2022-03-05 10:48:13+00:00,,L9
2022-03-19 11:08:45+00:00,,S2
2022-03-24 11:08:50+00:00,,S2
2022-04-14 10:48:02+00:00,,L8
2022-04-22 10:47:57+00:00,,L9
2022-05-08 11:08:44+00:00,,L9
2022-05-08 11:08:44+00:00,,S2
2022-05-13 11:08:51+00:00,125.15024043413786,S2
2022-05-28 11:08:47+00:00,,S2
2022-05-31 10:53:54+00:00,,L7
2022-06-01 10:48:12+00:00,,L8
2022-06-07 11:08:49+00:00,123.93548583945345,S2
2022-06-17 11:08:51+00:00,,L7
2022-06-17 11:08:51+00:00,,L8
2022-06-17 11:08:51+00:00,,S2
2022-07-02 11:09:00+00:00,,L9
2022-07-02 11:09:00+00:00,,S2
2022-07-07 11:08:52+00:00,134.99489546783113,S2
2022-07-09 09:22:48+00:00,,L7
2022-07-10 10:54:37+00:00,126.43491436933341,L8
2022-07-11 10:48:01+00:00,126.66018774207122,L9
2022-07-12 11:09:00+00:00,135.0281895449366,S2
2022-07-17 11:08:52+00:00,,S2
2022-07-18 10:54:14+00:00,,L9
2022-07-26 10:54:45+00:00,,L8
2022-07-27 11:08:52+00:00,,L9
2022-07-27 11:08:52+00:00,,S2
2022-08-01 11:08:57+00:00,,S2
2022-08-06 11:08:51+00:00,118.67443117591202,S2
2022-08-07 09:14:42+00:00,145.63697191708826,L7
2022-08-12 10:48:23+00:00,,L9
2022-08-24 09:13:11+00:00,,L7
2022-08-28 10:48:26+00:00,,L9
2022-09-04 10:54:36+00:00,116.17547238544135,L9
2022-09-05 11:08:49+00:00,110.58301776476772,L8
2022-09-05 11:08:49+00:00,121.4317377639937,S2
2022-09-15 11:08:49+00:00,,S2
2022-09-20 11:08:55+00:00,112.77033141943136,L9
2022-09-20 11:08:55+00:00,121.73651361090117,S2
2022-09-21 10:48:51+00:00,115.01926522369696,L8
2022-09-30 11:08:54+00:00,,S2
